time;FM1 ;FM2 ;FM3 ;FF1 ;FF2 ;FF3
0.00;0.00;0.00;0.00;0.00;0.00;0.00
0.04;0.00;0.00;0.00;0.00;0.00;0.00
0.08;0.00;0.00;0.00;0.00;0.00;0.00
0.12;0.00;0.00;0.00;0.00;0.00;0.00
0.16;0.00;0.00;0.00;0.00;0.00;0.00
0.20;0.00;0.00;0.00;0.00;0.00;0.00
0.24;0.00;0.00;0.00;0.00;0.00;0.00
0.28;0.00;0.00;0.00;0.00;0.00;0.00
0.32;0.00;0.00;0.00;0.00;0.00;0.00
0.36;0.00;0.00;0.00;0.00;0.00;0.00
0.40;0.00;0.00;0.00;0.00;0.00;0.00
0.44;0.00;0.00;0.00;0.00;0.00;0.00
0.48;0.00;0.00;0.00;0.00;0.00;0.00
0.52;0.00;0.00;0.00;0.00;0.00;0.00
0.56;0.00;0.00;0.00;0.00;0.00;0.00
0.60;0.00;0.00;0.00;0.00;0.00;0.00
0.64;0.00;0.00;0.00;0.00;0.00;0.00
0.68;0.00;0.00;0.00;0.00;0.00;0.00
0.72;0.00;0.00;0.00;0.00;0.00;0.00
0.76;0.00;0.00;0.00;0.03;0.00;0.00
0.80;0.00;0.00;0.00;0.03;0.00;0.00
0.84;0.00;0.00;0.00;0.03;0.00;0.00
0.88;0.00;0.00;0.00;0.03;0.00;0.00
0.92;0.00;0.00;0.00;0.03;0.00;0.00
0.96;0.00;0.00;0.00;0.03;0.00;0.00
1.00;0.00;0.00;0.00;0.03;0.00;0.00
1.04;0.00;0.00;0.00;0.03;0.00;0.00
1.08;0.00;0.00;0.00;0.04;0.00;0.00
1.12;0.00;0.00;0.00;0.04;0.00;0.00
1.16;0.00;0.00;0.00;0.04;0.00;0.00
1.20;0.00;0.00;0.00;0.04;0.00;0.00
1.24;0.00;0.00;0.00;0.04;0.00;0.00
1.28;0.00;0.00;0.00;0.04;0.00;0.00
1.32;0.00;0.00;0.00;0.04;0.00;0.00
1.36;0.00;0.00;0.00;0.04;0.00;0.00
1.40;0.00;0.00;0.00;0.04;0.00;0.00
1.44;0.00;0.00;0.00;0.04;0.00;0.00
1.48;0.00;0.00;0.00;0.04;0.00;0.00
1.52;0.00;0.00;0.00;0.04;0.00;0.00
1.56;0.00;0.00;0.00;0.04;0.00;0.00
1.60;0.00;0.00;0.00;0.04;0.00;0.00
1.64;0.00;0.00;0.00;0.04;0.00;0.00
1.68;0.00;0.00;0.00;0.04;0.00;0.00
1.72;0.00;0.00;0.00;0.04;0.00;0.00
1.76;0.00;0.00;0.00;0.04;0.00;0.00
1.80;0.00;0.00;0.01;0.04;0.00;0.00
1.84;0.00;0.00;0.01;0.04;0.00;0.00
1.88;0.00;0.00;0.01;0.04;0.00;0.00
1.92;0.00;0.00;0.01;0.04;0.00;0.00
1.96;0.00;0.00;0.02;0.05;0.00;0.00
2.00;0.00;0.00;0.02;0.05;0.00;0.00
2.04;0.00;0.00;0.02;0.05;0.00;0.00
2.08;0.00;0.00;0.03;0.05;0.00;0.00
2.12;0.00;0.00;0.03;0.05;0.00;0.01
2.16;0.00;0.00;0.03;0.05;0.00;0.01
2.20;0.00;0.00;0.02;0.05;0.00;0.01
2.24;0.00;0.00;-0.00;0.05;0.00;0.01
2.28;0.00;0.00;-0.03;0.05;0.00;0.01
2.32;0.00;0.00;-0.03;0.05;0.00;0.01
2.36;0.00;0.00;-0.04;0.06;0.00;0.01
2.40;0.00;0.00;-0.06;0.06;0.00;0.01
2.44;0.00;0.00;-0.06;0.06;0.00;0.02
2.48;0.00;0.00;-0.06;0.06;0.00;0.02
2.52;0.00;0.00;-0.06;0.06;0.00;0.02
2.56;0.00;0.00;-0.06;0.06;0.00;0.02
2.60;0.00;0.00;-0.04;0.06;0.00;0.02
2.64;0.00;0.00;-0.03;0.06;0.00;0.02
2.68;0.00;0.00;-0.02;0.05;0.00;0.02
2.72;0.00;0.00;-0.02;0.05;0.00;0.02
2.76;0.00;0.00;-0.02;0.05;0.00;0.02
2.80;0.00;0.00;-0.02;0.05;0.00;0.02
2.84;0.00;0.00;-0.02;0.05;0.00;0.02
2.88;0.00;0.00;-0.02;0.05;0.00;0.02
2.92;0.00;0.00;-0.02;0.05;0.00;0.02
2.96;0.00;0.00;-0.01;0.05;0.00;0.02
3.00;0.00;0.00;-0.01;0.05;0.00;0.02
3.04;0.01;0.00;-0.01;0.05;0.00;0.02
3.08;0.01;0.01;-0.01;0.04;0.00;0.02
3.12;0.01;0.01;-0.01;0.04;0.00;0.02
3.16;0.01;0.01;-0.01;0.04;0.00;0.02
3.20;0.01;0.01;-0.01;0.04;0.00;0.02
3.24;0.01;0.01;-0.01;0.04;0.00;0.01
3.28;0.01;0.01;-0.01;0.04;0.00;0.01
3.32;0.01;0.01;-0.01;0.04;0.00;0.00
3.36;0.01;0.01;-0.01;0.04;0.00;0.00
3.40;0.01;0.01;-0.01;0.04;0.00;0.00
3.44;0.01;0.01;-0.01;0.04;0.00;0.00
3.48;0.01;0.01;-0.01;0.04;0.00;0.00
3.52;0.01;0.01;-0.01;0.04;0.00;0.00
3.56;0.02;0.01;-0.01;0.04;0.00;0.00
3.60;0.03;0.01;-0.01;0.04;0.00;0.00
3.64;0.05;0.01;-0.01;0.04;0.00;0.00
3.68;0.06;0.01;-0.01;0.04;0.00;0.00
3.72;0.06;0.01;-0.01;0.04;0.00;0.00
3.76;0.07;0.01;-0.01;0.04;0.00;0.00
3.80;0.08;0.01;-0.01;0.04;0.00;0.00
3.84;0.09;0.01;-0.01;0.04;0.00;0.00
3.88;0.10;0.01;-0.01;0.04;0.00;0.00
3.92;0.10;0.01;-0.01;0.03;0.00;0.00
3.96;0.12;0.01;-0.01;0.03;0.01;0.00
4.00;0.14;0.01;-0.01;0.03;0.01;0.00
4.04;0.15;0.01;-0.01;0.03;0.01;0.00
4.08;0.15;0.01;-0.01;0.03;0.01;0.00
4.12;0.15;0.01;-0.01;0.03;0.01;0.00
4.16;0.15;0.01;-0.01;0.03;0.01;0.00
4.20;0.15;0.01;-0.01;0.03;0.01;0.01
4.24;0.15;0.01;-0.01;0.03;0.01;0.01
4.28;0.15;0.01;-0.01;0.03;0.01;0.01
4.32;0.15;0.01;-0.01;0.03;0.01;0.01
4.36;0.14;0.01;-0.01;0.03;0.01;0.01
4.40;0.14;0.01;-0.01;0.03;0.01;0.01
4.44;0.14;0.01;-0.01;0.03;0.01;0.02
4.48;0.14;0.01;-0.01;0.03;0.01;0.02
4.52;0.14;0.01;-0.01;0.03;0.01;0.02
4.56;0.14;0.01;-0.01;0.03;0.01;0.02
4.60;0.14;0.01;-0.01;0.03;0.01;0.02
4.64;0.14;0.01;-0.01;0.03;0.01;0.02
4.68;0.14;0.01;-0.01;0.02;0.01;0.02
4.72;0.14;0.01;-0.01;0.02;0.01;0.02
4.76;0.14;0.01;-0.01;0.02;0.01;0.02
4.80;0.14;0.01;-0.01;0.02;0.01;0.02
4.84;0.14;0.01;-0.01;0.02;0.01;0.02
4.88;0.14;0.01;-0.01;0.02;0.01;0.02
4.92;0.14;0.01;-0.01;0.02;0.01;0.02
4.96;0.14;0.01;-0.01;0.02;0.01;0.02
5.00;0.14;0.01;-0.01;0.02;0.01;0.02
5.04;0.14;0.01;-0.01;0.02;0.01;0.02
5.08;0.14;0.01;-0.02;0.02;0.01;0.02
5.12;0.14;0.01;-0.04;0.02;0.01;0.02
5.16;0.14;0.01;-0.04;0.02;0.01;0.02
5.20;0.14;0.01;-0.04;0.02;0.01;0.02
5.24;0.14;0.01;-0.05;0.02;0.01;0.02
5.28;0.14;0.01;-0.05;0.02;0.01;0.02
5.32;0.14;0.01;-0.05;0.02;0.01;0.02
5.36;0.14;0.01;-0.05;0.02;0.01;0.02
5.40;0.14;0.01;-0.05;0.02;0.01;0.02
5.44;0.14;0.01;-0.06;0.02;0.01;0.02
5.48;0.14;0.01;-0.07;0.02;0.01;0.02
5.52;0.13;0.01;-0.07;0.02;0.01;0.02
5.56;0.13;0.01;-0.07;0.02;0.01;0.02
5.60;0.13;0.01;-0.07;0.02;0.00;0.02
5.64;0.13;0.01;-0.07;0.02;0.00;0.02
5.68;0.13;0.01;-0.07;0.02;0.00;0.02
5.72;0.13;0.01;-0.06;0.02;0.00;0.02
5.76;0.13;0.01;-0.04;0.02;0.00;0.02
5.80;0.13;0.01;-0.01;0.02;0.00;0.03
5.84;0.13;0.01;-0.01;0.02;0.00;0.03
5.88;0.13;0.01;0.00;0.02;0.00;0.03
5.92;0.13;0.01;0.00;0.02;0.00;0.03
5.96;0.13;0.01;0.01;0.02;0.00;0.03
6.00;0.13;0.01;0.01;0.02;0.00;0.03
6.04;0.13;0.01;0.01;0.02;0.00;0.03
6.08;0.13;0.01;0.01;0.02;0.00;0.03
6.12;0.13;0.01;0.01;0.02;0.00;0.03
6.16;0.13;0.01;0.01;0.02;0.00;0.03
6.20;0.13;0.01;0.01;0.02;0.00;0.03
6.24;0.13;0.01;0.01;0.02;0.00;0.03
6.28;0.13;0.01;0.01;0.02;0.00;0.03
6.32;0.13;0.01;0.00;0.02;0.00;0.03
6.36;0.13;0.01;0.00;0.02;0.00;0.03
6.40;0.13;0.01;0.00;0.02;0.00;0.03
6.44;0.12;0.01;0.00;0.02;0.00;0.03
6.48;0.11;0.01;0.00;0.02;0.00;0.03
6.52;0.10;0.01;0.00;0.02;0.00;0.03
6.56;0.09;0.01;0.00;0.02;0.00;0.03
6.60;0.09;0.01;0.00;0.02;0.00;0.03
6.64;0.08;0.01;0.00;0.01;0.00;0.03
6.68;0.08;0.01;0.00;0.01;0.00;0.03
6.72;0.08;0.01;0.02;0.01;0.00;0.03
6.76;0.08;0.01;0.03;0.01;0.00;0.03
6.80;0.08;0.01;0.03;0.01;0.01;0.03
6.84;0.08;0.01;0.03;0.01;0.01;0.03
6.88;0.08;0.01;0.03;0.01;0.01;0.03
6.92;0.08;0.01;0.03;0.00;0.02;0.03
6.96;0.08;0.01;0.03;0.00;0.03;0.03
7.00;0.08;0.01;0.03;-0.01;0.03;0.03
7.04;0.08;0.01;0.02;-0.01;0.03;0.03
7.08;0.08;0.01;0.02;-0.01;0.03;0.03
7.12;0.08;0.01;0.02;-0.01;0.03;0.03
7.16;0.08;0.01;0.02;-0.02;0.03;0.03
7.20;0.07;0.01;0.02;-0.02;0.03;0.03
7.24;0.07;0.01;0.02;-0.02;0.03;0.03
7.28;0.06;0.01;0.02;-0.02;0.03;0.03
7.32;0.05;0.01;0.02;-0.02;0.03;0.03
7.36;0.04;0.01;0.02;-0.02;0.03;0.03
7.40;0.04;0.01;0.02;-0.02;0.03;0.03
7.44;0.03;0.01;0.02;-0.03;0.03;0.03
7.48;0.02;0.01;0.02;-0.03;0.03;0.03
7.52;0.02;0.01;0.02;-0.03;0.03;0.03
7.56;0.01;0.01;0.02;-0.03;0.03;0.03
7.60;-0.01;0.01;0.02;-0.03;0.03;0.03
7.64;-0.01;0.01;0.02;-0.03;0.03;0.03
7.68;-0.02;0.01;0.02;-0.04;0.03;0.03
7.72;-0.02;0.01;0.02;-0.04;0.03;0.03
7.76;-0.03;0.01;0.02;-0.04;0.03;0.03
7.80;-0.03;0.01;0.02;-0.04;0.03;0.03
7.84;-0.03;0.01;0.02;-0.04;0.03;0.03
7.88;-0.03;0.01;0.02;-0.04;0.03;0.03
7.92;-0.03;0.01;0.02;-0.04;0.03;0.03
7.96;-0.03;0.01;0.02;-0.04;0.03;0.03
8.00;-0.03;0.01;0.02;-0.04;0.03;0.03
8.04;-0.03;0.01;0.02;-0.04;0.03;0.03
8.08;-0.03;0.01;0.02;-0.04;0.03;0.03
8.12;-0.03;0.01;0.02;-0.04;0.03;0.03
8.16;-0.03;0.01;0.02;-0.04;0.03;0.03
8.20;-0.03;0.01;0.02;-0.04;0.03;0.03
8.24;-0.03;0.01;0.02;-0.04;0.03;0.03
8.28;-0.03;0.01;0.02;-0.05;0.03;0.03
8.32;-0.03;0.01;0.02;-0.05;0.03;0.03
8.36;-0.03;0.01;0.02;-0.05;0.03;0.03
8.40;-0.03;0.01;0.02;-0.05;0.03;0.03
8.44;-0.03;0.01;0.02;-0.05;0.03;0.03
8.48;-0.03;0.01;0.02;-0.05;0.03;0.03
8.52;-0.02;0.01;0.02;-0.05;0.03;0.03
8.56;-0.02;0.01;0.02;-0.05;0.03;0.03
8.60;-0.02;0.01;0.02;-0.05;0.03;0.03
8.64;-0.02;0.01;0.02;-0.05;0.03;0.03
8.68;-0.02;0.01;0.02;-0.05;0.03;0.03
8.72;-0.01;0.01;0.02;-0.05;0.03;0.03
8.76;-0.01;0.01;0.02;-0.05;0.03;0.03
8.80;-0.01;0.01;0.02;-0.05;0.03;0.03
8.84;-0.01;0.01;0.02;-0.05;0.03;0.03
8.88;0.00;0.01;0.02;-0.05;0.03;0.03
8.92;0.00;0.01;0.02;-0.05;0.03;0.03
8.96;0.00;0.01;0.02;-0.05;0.03;0.03
9.00;0.00;0.01;0.02;-0.05;0.03;0.03
9.04;0.00;0.01;0.02;-0.05;0.03;0.03
9.08;0.00;0.01;0.02;-0.05;0.03;0.03
9.12;0.00;0.01;0.02;-0.05;0.03;0.03
9.16;0.00;0.01;0.02;-0.05;0.03;0.03
9.20;0.00;0.01;0.02;-0.05;0.03;0.03
9.24;0.00;0.01;0.02;-0.05;0.03;0.03
9.28;0.00;0.01;0.02;-0.05;0.03;0.03
9.32;0.00;0.01;0.02;-0.05;0.03;0.03
9.36;0.00;0.01;0.02;-0.05;0.04;0.03
9.40;0.00;0.01;0.02;-0.05;0.05;0.03
9.44;0.00;0.01;0.02;-0.05;0.05;0.03
9.48;0.03;0.01;0.02;-0.05;0.06;0.03
9.52;0.07;0.01;0.02;-0.05;0.05;0.03
9.56;0.08;0.01;0.02;-0.05;0.05;0.03
9.60;0.11;0.01;0.02;-0.05;0.05;0.03
9.64;0.13;0.01;0.02;-0.05;0.05;0.03
9.68;0.13;0.01;0.02;-0.05;0.04;0.03
9.72;0.13;0.01;0.02;-0.06;0.03;0.03
9.76;0.13;0.01;0.02;-0.06;0.02;0.03
9.80;0.13;0.01;0.02;-0.06;-0.00;0.03
9.84;0.13;0.01;0.02;-0.06;-0.01;0.03
9.88;0.13;0.01;0.02;-0.06;-0.02;0.03
9.92;0.13;0.01;0.02;-0.06;-0.03;0.03
9.96;0.13;0.01;0.02;-0.06;-0.03;0.03
10.00;0.13;0.01;0.02;-0.06;-0.03;0.03
10.04;0.13;0.01;0.02;-0.06;-0.03;0.04
10.08;0.14;0.01;0.02;-0.06;-0.03;0.04
10.12;0.14;0.01;0.02;-0.06;-0.03;0.04
10.16;0.14;0.01;0.02;-0.06;-0.03;0.04
10.20;0.14;0.01;0.02;-0.06;-0.03;0.04
10.24;0.14;0.01;0.02;-0.06;-0.04;0.04
10.28;0.15;0.01;0.02;-0.06;-0.06;0.04
10.32;0.15;0.01;0.06;-0.06;-0.08;0.04
10.36;0.15;0.01;0.08;-0.06;-0.10;0.04
10.40;0.15;0.01;0.09;-0.06;-0.11;0.04
10.44;0.15;0.01;0.09;-0.06;-0.12;0.04
10.48;0.15;0.01;0.09;-0.06;-0.13;0.04
10.52;0.15;0.01;0.10;-0.06;-0.13;0.04
10.56;0.15;0.01;0.10;-0.06;-0.13;0.04
10.60;0.16;0.01;0.10;-0.06;-0.13;0.04
10.64;0.16;0.01;0.11;-0.06;-0.13;0.04
10.68;0.16;0.01;0.11;-0.06;-0.13;0.04
10.72;0.16;0.01;0.11;-0.06;-0.13;0.04
10.76;0.16;0.01;0.10;-0.06;-0.13;0.04
10.80;0.16;0.01;0.10;-0.06;-0.14;0.04
10.84;0.16;0.01;0.06;-0.06;-0.14;0.04
10.88;0.16;0.01;0.00;-0.06;-0.14;0.03
10.92;0.16;0.01;-0.03;-0.06;-0.14;0.03
10.96;0.16;0.01;-0.04;-0.06;-0.14;0.03
11.00;0.16;0.01;-0.06;-0.06;-0.14;0.03
11.04;0.16;0.01;-0.07;-0.06;-0.14;0.03
11.08;0.16;0.01;-0.07;-0.06;-0.14;0.03
11.12;0.16;0.01;-0.09;-0.06;-0.15;0.03
11.16;0.16;0.01;-0.11;-0.06;-0.16;0.03
11.20;0.16;0.01;-0.12;-0.06;-0.17;0.03
11.24;0.16;0.01;-0.13;-0.06;-0.17;0.03
11.28;0.16;0.01;-0.13;-0.06;-0.18;0.03
11.32;0.16;0.01;-0.13;-0.06;-0.18;0.03
11.36;0.16;0.01;-0.14;-0.06;-0.19;0.03
11.40;0.16;0.01;-0.15;-0.06;-0.19;0.03
11.44;0.16;0.01;-0.15;-0.06;-0.19;0.03
11.48;0.17;0.01;-0.16;-0.06;-0.19;0.03
11.52;0.17;0.01;-0.16;-0.06;-0.19;0.03
11.56;0.17;0.01;-0.16;-0.06;-0.19;0.03
11.60;0.17;0.01;-0.16;-0.06;-0.19;0.03
11.64;0.17;0.01;-0.16;-0.06;-0.19;0.03
11.68;0.17;0.01;-0.16;-0.06;-0.19;0.03
11.72;0.17;0.01;-0.17;-0.05;-0.19;0.03
11.76;0.17;0.01;-0.17;-0.05;-0.19;0.03
11.80;0.17;0.01;-0.18;-0.05;-0.19;0.03
11.84;0.18;0.01;-0.18;-0.05;-0.19;0.03
11.88;0.18;0.01;-0.18;-0.05;-0.19;0.03
11.92;0.18;0.01;-0.18;-0.05;-0.19;0.03
11.96;0.18;0.01;-0.18;-0.05;-0.19;0.03
12.00;0.18;0.01;-0.18;-0.04;-0.19;0.03
12.04;0.18;0.01;-0.18;-0.04;-0.19;0.04
12.08;0.18;0.01;-0.18;-0.04;-0.19;0.04
12.12;0.18;0.01;-0.18;-0.04;-0.19;0.04
12.16;0.18;0.01;-0.18;-0.04;-0.19;0.04
12.20;0.18;0.01;-0.18;-0.04;-0.19;0.04
12.24;0.18;0.01;-0.18;-0.04;-0.19;0.04
12.28;0.18;0.01;-0.18;-0.04;-0.19;0.04
12.32;0.18;0.01;-0.18;-0.04;-0.19;0.03
12.36;0.18;0.01;-0.18;-0.04;-0.19;0.02
12.40;0.18;0.01;-0.18;-0.04;-0.19;0.02
12.44;0.18;0.01;-0.18;-0.04;-0.19;0.01
12.48;0.18;0.01;-0.18;-0.04;-0.19;0.01
12.52;0.18;0.01;-0.18;-0.04;-0.20;0.01
12.56;0.18;0.01;-0.18;-0.04;-0.20;0.01
12.60;0.18;0.01;-0.18;-0.04;-0.20;0.00
12.64;0.18;0.01;-0.20;-0.04;-0.20;0.00
12.68;0.18;0.01;-0.21;-0.04;-0.21;0.00
12.72;0.18;0.01;-0.21;-0.04;-0.22;0.00
12.76;0.18;0.01;-0.21;-0.04;-0.22;-0.01
12.80;0.18;0.01;-0.21;-0.04;-0.22;-0.01
12.84;0.17;0.01;-0.21;-0.04;-0.22;-0.01
12.88;0.17;0.01;-0.21;-0.04;-0.22;-0.01
12.92;0.17;0.01;-0.21;-0.04;-0.22;-0.01
12.96;0.17;0.01;-0.21;-0.04;-0.22;-0.02
13.00;0.17;0.01;-0.21;-0.04;-0.22;-0.02
13.04;0.17;0.01;-0.21;-0.04;-0.22;-0.02
13.08;0.16;0.01;-0.21;-0.04;-0.22;-0.02
13.12;0.16;0.01;-0.21;-0.04;-0.22;-0.02
13.16;0.16;0.01;-0.20;-0.04;-0.22;-0.02
13.20;0.16;0.01;-0.19;-0.04;-0.22;-0.02
13.24;0.16;0.01;-0.18;-0.04;-0.22;-0.02
13.28;0.16;0.01;-0.18;-0.04;-0.22;-0.02
13.32;0.16;0.01;-0.18;-0.04;-0.22;-0.02
13.36;0.16;0.01;-0.18;-0.04;-0.22;-0.02
13.40;0.16;0.01;-0.18;-0.04;-0.22;-0.02
13.44;0.16;0.01;-0.18;-0.04;-0.22;-0.02
13.48;0.16;0.01;-0.18;-0.04;-0.22;-0.02
13.52;0.16;0.01;-0.18;-0.04;-0.22;-0.02
13.56;0.16;0.01;-0.18;-0.04;-0.22;-0.02
13.60;0.16;0.01;-0.17;-0.03;-0.22;-0.02
13.64;0.16;0.01;-0.17;-0.03;-0.22;-0.02
13.68;0.16;0.01;-0.17;-0.03;-0.22;-0.02
13.72;0.16;0.01;-0.17;-0.03;-0.22;-0.02
13.76;0.16;0.01;-0.17;-0.03;-0.22;-0.02
13.80;0.16;0.01;-0.17;-0.03;-0.22;-0.02
13.84;0.16;0.01;-0.17;-0.03;-0.22;-0.02
13.88;0.16;0.01;-0.17;-0.03;-0.22;-0.01
13.92;0.16;0.01;-0.17;-0.03;-0.22;-0.01
13.96;0.16;0.01;-0.17;-0.03;-0.22;-0.01
14.00;0.16;0.01;-0.17;-0.03;-0.22;-0.01
14.04;0.16;0.01;-0.17;-0.03;-0.22;-0.01
14.08;0.16;0.01;-0.17;-0.03;-0.22;-0.01
14.12;0.16;0.01;-0.17;-0.03;-0.22;-0.01
14.16;0.16;0.01;-0.17;-0.03;-0.22;-0.01
14.20;0.16;0.01;-0.17;-0.03;-0.22;-0.01
14.24;0.16;0.02;-0.16;-0.03;-0.22;-0.01
14.28;0.16;0.03;-0.15;-0.03;-0.22;-0.01
14.32;0.16;0.04;-0.15;-0.03;-0.22;-0.00
14.36;0.16;0.05;-0.15;-0.03;-0.22;0.00
14.40;0.16;0.05;-0.14;-0.03;-0.22;0.00
14.44;0.16;0.06;-0.14;-0.03;-0.23;0.00
14.48;0.16;0.06;-0.14;-0.03;-0.24;0.00
14.52;0.16;0.06;-0.14;-0.03;-0.26;0.00
14.56;0.16;0.06;-0.14;-0.03;-0.26;0.00
14.60;0.16;0.06;-0.14;-0.03;-0.27;0.00
14.64;0.16;0.06;-0.14;-0.03;-0.27;0.00
14.68;0.16;0.07;-0.14;-0.03;-0.28;0.00
14.72;0.17;0.07;-0.14;-0.03;-0.28;0.00
14.76;0.17;0.08;-0.14;-0.03;-0.28;0.00
14.80;0.17;0.08;-0.14;-0.03;-0.28;0.00
14.84;0.17;0.09;-0.14;-0.03;-0.28;0.00
14.88;0.17;0.09;-0.14;-0.03;-0.28;0.00
14.92;0.17;0.09;-0.14;-0.03;-0.28;0.00
14.96;0.17;0.09;-0.14;-0.03;-0.28;0.00
15.00;0.17;0.10;-0.14;-0.03;-0.28;0.00
15.04;0.17;0.10;-0.13;-0.03;-0.28;0.00
15.08;0.17;0.10;-0.13;-0.03;-0.28;0.00
15.12;0.17;0.10;-0.13;-0.03;-0.28;0.00
15.16;0.17;0.10;-0.13;-0.03;-0.28;0.00
15.20;0.18;0.10;-0.13;-0.03;-0.28;0.01
15.24;0.19;0.10;-0.12;-0.03;-0.28;0.01
15.28;0.19;0.10;-0.12;-0.03;-0.28;0.01
15.32;0.19;0.10;-0.11;-0.03;-0.27;0.01
15.36;0.19;0.11;-0.11;-0.03;-0.24;0.01
15.40;0.21;0.11;-0.11;-0.03;-0.23;0.01
15.44;0.23;0.11;-0.11;-0.03;-0.21;0.01
15.48;0.24;0.11;-0.11;-0.03;-0.19;0.01
15.52;0.25;0.11;-0.11;-0.03;-0.17;0.01
15.56;0.25;0.11;-0.11;-0.03;-0.17;0.01
15.60;0.25;0.11;-0.11;-0.03;-0.16;0.01
15.64;0.25;0.11;-0.11;-0.03;-0.15;0.01
15.68;0.25;0.11;-0.10;-0.03;-0.15;0.01
15.72;0.25;0.11;-0.10;-0.03;-0.15;0.01
15.76;0.25;0.11;-0.10;-0.03;-0.15;0.01
15.80;0.25;0.12;-0.10;-0.03;-0.15;0.01
15.84;0.25;0.12;-0.10;-0.03;-0.15;0.01
15.88;0.25;0.12;-0.10;-0.03;-0.15;0.01
15.92;0.25;0.12;-0.10;-0.03;-0.15;0.01
15.96;0.25;0.12;-0.10;-0.03;-0.15;0.01
16.00;0.25;0.12;-0.10;-0.03;-0.15;0.01
16.04;0.25;0.12;-0.10;-0.03;-0.15;0.01
16.08;0.25;0.11;-0.10;-0.03;-0.15;0.01
16.12;0.25;0.11;-0.10;-0.03;-0.15;0.01
16.16;0.26;0.11;-0.10;-0.03;-0.15;0.01
16.20;0.26;0.11;-0.10;-0.03;-0.15;0.01
16.24;0.26;0.11;-0.10;-0.03;-0.15;0.01
16.28;0.26;0.11;-0.10;-0.03;-0.15;0.01
16.32;0.26;0.11;-0.10;-0.03;-0.15;0.01
16.36;0.26;0.11;-0.10;-0.03;-0.16;0.01
16.40;0.26;0.11;-0.10;-0.03;-0.16;0.01
16.44;0.26;0.11;-0.10;-0.03;-0.16;0.01
16.48;0.26;0.12;-0.10;-0.03;-0.16;0.01
16.52;0.26;0.12;-0.10;-0.03;-0.16;0.01
16.56;0.26;0.12;-0.10;-0.03;-0.16;0.01
16.60;0.26;0.12;-0.10;-0.03;-0.16;0.01
16.64;0.26;0.12;-0.10;-0.03;-0.17;0.01
16.68;0.26;0.13;-0.10;-0.03;-0.19;0.01
16.72;0.26;0.13;-0.10;-0.03;-0.21;0.01
16.76;0.27;0.14;-0.10;-0.03;-0.22;0.01
16.80;0.29;0.14;-0.10;-0.03;-0.22;0.01
16.84;0.29;0.15;-0.10;-0.03;-0.22;0.01
16.88;0.29;0.15;-0.10;-0.03;-0.22;0.01
16.92;0.30;0.16;-0.10;-0.03;-0.22;0.01
16.96;0.30;0.16;-0.10;-0.03;-0.22;0.01
17.00;0.30;0.16;-0.10;-0.03;-0.22;0.01
17.04;0.30;0.16;-0.10;-0.03;-0.22;0.01
17.08;0.30;0.17;-0.10;-0.03;-0.22;0.01
17.12;0.30;0.17;-0.10;-0.03;-0.22;0.01
17.16;0.30;0.17;-0.10;-0.03;-0.22;0.01
17.20;0.30;0.17;-0.10;-0.03;-0.22;0.00
17.24;0.30;0.17;-0.10;-0.02;-0.22;0.00
17.28;0.30;0.17;-0.10;-0.01;-0.22;0.00
17.32;0.30;0.17;-0.10;-0.01;-0.22;0.00
17.36;0.30;0.17;-0.10;-0.01;-0.22;0.00
17.40;0.30;0.17;-0.10;0.00;-0.22;0.00
17.44;0.30;0.17;-0.10;0.01;-0.22;0.00
17.48;0.30;0.17;-0.10;0.02;-0.20;0.00
17.52;0.30;0.17;-0.10;0.02;-0.18;0.00
17.56;0.30;0.17;-0.10;0.03;-0.17;0.00
17.60;0.30;0.17;-0.10;0.03;-0.15;0.00
17.64;0.30;0.17;-0.10;0.04;-0.15;0.00
17.68;0.30;0.17;-0.10;0.04;-0.14;0.00
17.72;0.30;0.17;-0.10;0.04;-0.14;0.00
17.76;0.30;0.17;-0.10;0.05;-0.14;0.00
17.80;0.29;0.17;-0.10;0.05;-0.14;0.00
17.84;0.28;0.17;-0.10;0.05;-0.14;0.00
17.88;0.28;0.17;-0.10;0.05;-0.14;0.00
17.92;0.28;0.17;-0.10;0.06;-0.14;0.00
17.96;0.28;0.17;-0.10;0.06;-0.14;0.00
18.00;0.27;0.17;-0.10;0.06;-0.14;0.00
18.04;0.27;0.17;-0.09;0.07;-0.14;0.00
18.08;0.27;0.17;-0.09;0.07;-0.14;0.00
18.12;0.27;0.18;-0.09;0.08;-0.13;0.00
18.16;0.27;0.18;-0.09;0.08;-0.10;0.00
18.20;0.27;0.18;-0.09;0.09;-0.06;0.00
18.24;0.27;0.19;-0.09;0.09;-0.04;0.00
18.28;0.27;0.20;-0.09;0.09;-0.03;0.00
18.32;0.28;0.21;-0.09;0.09;-0.02;0.01
18.36;0.28;0.21;-0.01;0.09;-0.02;0.01
18.40;0.28;0.23;0.01;0.10;-0.01;0.01
18.44;0.30;0.24;0.02;0.10;-0.00;0.01
18.48;0.32;0.25;0.02;0.10;-0.00;0.01
18.52;0.33;0.26;0.02;0.10;-0.00;0.01
18.56;0.35;0.27;0.04;0.10;-0.00;0.01
18.60;0.36;0.28;0.04;0.10;-0.00;0.01
18.64;0.37;0.29;0.05;0.11;-0.00;0.01
18.68;0.39;0.32;0.06;0.11;-0.00;0.01
18.72;0.41;0.33;0.06;0.11;-0.01;0.01
18.76;0.43;0.34;0.06;0.12;-0.01;0.01
18.80;0.44;0.35;0.06;0.12;-0.01;0.01
18.84;0.44;0.35;0.06;0.13;-0.01;0.01
18.88;0.44;0.35;0.07;0.14;-0.01;0.01
18.92;0.44;0.36;0.07;0.15;-0.03;0.01
18.96;0.44;0.36;0.07;0.16;-0.06;0.01
19.00;0.44;0.36;0.09;0.16;-0.08;0.01
19.04;0.44;0.36;0.13;0.16;-0.10;0.01
19.08;0.45;0.36;0.15;0.16;-0.11;0.01
19.12;0.45;0.36;0.15;0.16;-0.11;0.02
19.16;0.45;0.36;0.16;0.16;-0.13;0.02
19.20;0.45;0.36;0.16;0.16;-0.14;0.02
19.24;0.45;0.36;0.16;0.16;-0.15;0.02
19.28;0.45;0.36;0.17;0.16;-0.15;0.02
19.32;0.45;0.36;0.17;0.16;-0.15;0.02
19.36;0.45;0.36;0.17;0.16;-0.15;0.02
19.40;0.45;0.36;0.18;0.16;-0.15;0.02
19.44;0.45;0.36;0.18;0.16;-0.15;0.02
19.48;0.45;0.36;0.18;0.16;-0.15;0.02
19.52;0.45;0.36;0.19;0.16;-0.15;0.02
19.56;0.45;0.35;0.20;0.16;-0.15;0.03
19.60;0.45;0.35;0.21;0.16;-0.15;0.03
19.64;0.45;0.35;0.21;0.16;-0.15;0.03
19.68;0.45;0.35;0.21;0.16;-0.15;0.03
19.72;0.45;0.35;0.21;0.16;-0.15;0.03
19.76;0.45;0.35;0.21;0.16;-0.15;0.03
19.80;0.45;0.35;0.21;0.16;-0.15;0.03
19.84;0.45;0.35;0.21;0.16;-0.15;0.03
19.88;0.45;0.35;0.21;0.16;-0.15;0.03
19.92;0.45;0.35;0.21;0.16;-0.15;0.03
19.96;0.45;0.35;0.21;0.16;-0.15;0.03
20.00;0.45;0.35;0.21;0.16;-0.15;0.03
20.04;0.45;0.35;0.21;0.16;-0.15;0.03
20.08;0.45;0.35;0.21;0.16;-0.15;0.03
20.12;0.45;0.35;0.22;0.16;-0.15;0.03
20.16;0.45;0.35;0.22;0.17;-0.15;0.03
20.20;0.45;0.35;0.22;0.18;-0.15;0.03
20.24;0.45;0.35;0.22;0.18;-0.15;0.03
20.28;0.45;0.35;0.22;0.18;-0.15;0.03
20.32;0.45;0.35;0.23;0.18;-0.15;0.03
20.36;0.45;0.35;0.25;0.18;-0.20;0.03
20.40;0.45;0.35;0.26;0.18;-0.27;0.03
20.44;0.45;0.35;0.26;0.18;-0.31;0.03
20.48;0.45;0.35;0.26;0.18;-0.33;0.03
20.52;0.45;0.35;0.26;0.19;-0.33;0.03
20.56;0.45;0.35;0.26;0.19;-0.33;0.03
20.60;0.45;0.35;0.27;0.19;-0.32;0.03
20.64;0.45;0.35;0.28;0.20;-0.32;0.03
20.68;0.45;0.35;0.28;0.20;-0.32;0.03
20.72;0.45;0.35;0.28;0.20;-0.32;0.03
20.76;0.45;0.35;0.28;0.20;-0.33;0.03
20.80;0.45;0.34;0.28;0.21;-0.33;0.03
20.84;0.45;0.34;0.28;0.21;-0.33;0.03
20.88;0.45;0.34;0.28;0.21;-0.33;0.03
20.92;0.45;0.34;0.29;0.21;-0.33;0.03
20.96;0.45;0.34;0.29;0.21;-0.33;0.03
21.00;0.45;0.34;0.29;0.21;-0.33;0.03
21.04;0.45;0.34;0.29;0.21;-0.33;0.03
21.08;0.45;0.34;0.29;0.21;-0.33;0.03
21.12;0.45;0.34;0.29;0.21;-0.34;0.03
21.16;0.45;0.34;0.29;0.21;-0.34;0.03
21.20;0.45;0.34;0.29;0.21;-0.34;0.03
21.24;0.45;0.34;0.29;0.21;-0.34;0.03
21.28;0.45;0.34;0.29;0.21;-0.34;0.03
21.32;0.45;0.34;0.29;0.21;-0.34;0.03
21.36;0.45;0.34;0.29;0.21;-0.34;0.03
21.40;0.45;0.34;0.29;0.21;-0.34;0.03
21.44;0.45;0.34;0.29;0.21;-0.34;0.03
21.48;0.45;0.34;0.29;0.21;-0.34;0.03
21.52;0.45;0.34;0.30;0.21;-0.34;0.03
21.56;0.45;0.34;0.30;0.21;-0.34;0.03
21.60;0.45;0.34;0.30;0.21;-0.35;0.03
21.64;0.45;0.34;0.30;0.21;-0.35;0.03
21.68;0.45;0.34;0.30;0.21;-0.35;0.03
21.72;0.45;0.34;0.30;0.21;-0.36;0.03
21.76;0.45;0.34;0.31;0.21;-0.36;0.03
21.80;0.45;0.34;0.31;0.21;-0.36;0.03
21.84;0.45;0.34;0.32;0.21;-0.37;0.03
21.88;0.45;0.34;0.32;0.21;-0.37;0.03
21.92;0.45;0.34;0.32;0.21;-0.37;0.03
21.96;0.45;0.34;0.32;0.21;-0.37;0.03
22.00;0.45;0.34;0.32;0.21;-0.37;0.03
22.04;0.45;0.34;0.34;0.21;-0.37;0.03
22.08;0.45;0.34;0.35;0.21;-0.37;0.03
22.12;0.45;0.34;0.35;0.21;-0.37;0.03
22.16;0.45;0.34;0.35;0.21;-0.37;0.03
22.20;0.45;0.34;0.35;0.21;-0.37;0.03
22.24;0.45;0.34;0.35;0.21;-0.37;0.03
22.28;0.45;0.34;0.35;0.21;-0.37;0.03
22.32;0.45;0.34;0.35;0.21;-0.37;0.03
22.36;0.45;0.34;0.35;0.21;-0.37;0.03
22.40;0.45;0.34;0.35;0.21;-0.37;0.03
22.44;0.45;0.34;0.35;0.21;-0.37;0.03
22.48;0.45;0.34;0.35;0.21;-0.37;0.03
22.52;0.45;0.34;0.35;0.21;-0.37;0.03
22.56;0.45;0.34;0.35;0.21;-0.37;0.03
22.60;0.45;0.34;0.35;0.21;-0.37;0.03
22.64;0.45;0.34;0.35;0.21;-0.37;0.03
22.68;0.45;0.34;0.35;0.22;-0.37;0.03
22.72;0.45;0.34;0.35;0.22;-0.37;0.03
22.76;0.45;0.34;0.35;0.22;-0.37;0.03
22.80;0.45;0.34;0.35;0.22;-0.37;0.03
22.84;0.45;0.34;0.35;0.22;-0.37;0.03
22.88;0.45;0.34;0.35;0.22;-0.36;0.03
22.92;0.45;0.34;0.35;0.23;-0.36;0.03
22.96;0.45;0.34;0.35;0.23;-0.36;0.03
23.00;0.45;0.34;0.35;0.23;-0.36;0.03
23.04;0.45;0.34;0.35;0.23;-0.36;0.03
23.08;0.45;0.34;0.35;0.23;-0.36;0.03
23.12;0.45;0.34;0.35;0.23;-0.36;0.03
23.16;0.45;0.34;0.35;0.23;-0.35;0.03
23.20;0.45;0.34;0.35;0.23;-0.35;0.03
23.24;0.45;0.34;0.35;0.23;-0.35;0.03
23.28;0.45;0.34;0.35;0.23;-0.34;0.03
23.32;0.44;0.34;0.35;0.23;-0.33;0.03
23.36;0.44;0.34;0.35;0.23;-0.33;0.03
23.40;0.43;0.34;0.35;0.23;-0.32;0.03
23.44;0.43;0.34;0.35;0.23;-0.32;0.03
23.48;0.43;0.34;0.35;0.24;-0.31;0.03
23.52;0.43;0.34;0.35;0.24;-0.31;0.03
23.56;0.43;0.34;0.35;0.24;-0.31;0.03
23.60;0.43;0.34;0.35;0.24;-0.30;0.03
23.64;0.43;0.34;0.35;0.24;-0.30;0.03
23.68;0.43;0.34;0.35;0.24;-0.30;0.03
23.72;0.43;0.34;0.35;0.25;-0.30;0.03
23.76;0.43;0.34;0.35;0.25;-0.30;0.03
23.80;0.43;0.34;0.35;0.25;-0.30;0.03
23.84;0.43;0.33;0.35;0.25;-0.30;0.03
23.88;0.42;0.33;0.35;0.25;-0.30;0.03
23.92;0.42;0.33;0.35;0.25;-0.30;0.03
23.96;0.42;0.32;0.34;0.25;-0.30;0.03
24.00;0.42;0.32;0.34;0.25;-0.30;0.03
24.04;0.41;0.32;0.34;0.26;-0.30;0.03
24.08;0.40;0.32;0.34;0.26;-0.30;0.03
24.12;0.39;0.32;0.34;0.26;-0.30;0.03
24.16;0.38;0.32;0.34;0.26;-0.30;0.03
24.20;0.37;0.32;0.34;0.26;-0.30;0.03
24.24;0.35;0.32;0.34;0.26;-0.30;0.03
24.28;0.34;0.32;0.33;0.26;-0.30;0.03
24.32;0.33;0.32;0.32;0.26;-0.30;0.03
24.36;0.33;0.32;0.32;0.26;-0.30;0.03
24.40;0.32;0.32;0.31;0.26;-0.29;0.03
24.44;0.32;0.32;0.31;0.26;-0.29;0.03
24.48;0.30;0.31;0.30;0.26;-0.29;0.03
24.52;0.30;0.29;0.30;0.26;-0.26;0.03
24.56;0.29;0.28;0.29;0.26;-0.24;0.02
24.60;0.28;0.27;0.28;0.26;-0.23;0.02
24.64;0.27;0.26;0.27;0.26;-0.22;0.02
24.68;0.27;0.25;0.27;0.26;-0.21;0.02
24.72;0.26;0.25;0.25;0.26;-0.21;0.02
24.76;0.25;0.24;0.22;0.26;-0.20;0.02
24.80;0.25;0.24;0.18;0.26;-0.20;0.02
24.84;0.24;0.23;0.15;0.26;-0.20;0.02
24.88;0.24;0.23;0.12;0.26;-0.20;0.02
24.92;0.24;0.22;0.12;0.26;-0.20;0.02
24.96;0.24;0.22;0.11;0.26;-0.20;0.02
25.00;0.24;0.21;0.10;0.26;-0.20;0.02
25.04;0.24;0.21;0.08;0.26;-0.20;0.02
25.08;0.24;0.21;0.07;0.26;-0.20;0.02
25.12;0.24;0.20;0.06;0.26;-0.19;0.02
25.16;0.24;0.20;0.06;0.26;-0.18;0.02
25.20;0.24;0.20;0.05;0.26;-0.17;0.02
25.24;0.24;0.19;0.04;0.26;-0.17;0.02
25.28;0.24;0.19;0.04;0.26;-0.16;0.02
25.32;0.24;0.19;0.03;0.26;-0.15;0.02
25.36;0.24;0.18;0.03;0.26;-0.14;0.02
25.40;0.24;0.18;0.02;0.26;-0.12;0.02
25.44;0.24;0.18;0.02;0.26;-0.11;0.02
25.48;0.24;0.18;0.02;0.26;-0.10;0.02
25.52;0.24;0.18;0.01;0.26;-0.08;0.02
25.56;0.24;0.17;0.01;0.26;-0.07;0.02
25.60;0.24;0.17;0.01;0.26;-0.06;0.02
25.64;0.24;0.17;0.01;0.27;-0.05;0.02
25.68;0.24;0.17;0.01;0.27;-0.05;0.02
25.72;0.24;0.17;0.01;0.27;-0.05;0.02
25.76;0.24;0.17;0.01;0.27;-0.05;0.02
25.80;0.24;0.16;0.01;0.27;-0.05;0.02
25.84;0.24;0.16;0.01;0.27;-0.05;0.03
25.88;0.24;0.16;0.01;0.27;-0.05;0.03
25.92;0.24;0.16;0.01;0.27;-0.05;0.03
25.96;0.24;0.16;0.01;0.27;-0.05;0.05
26.00;0.24;0.16;0.01;0.27;-0.05;0.06
26.04;0.24;0.16;0.01;0.27;-0.05;0.06
26.08;0.24;0.16;0.01;0.27;-0.05;0.06
26.12;0.24;0.16;0.01;0.27;-0.05;0.06
26.16;0.24;0.16;0.01;0.27;-0.05;0.06
26.20;0.24;0.16;0.01;0.27;-0.05;0.06
26.24;0.24;0.16;0.01;0.27;-0.05;0.06
26.28;0.24;0.16;0.01;0.27;-0.05;0.06
26.32;0.24;0.16;0.01;0.27;-0.05;0.06
26.36;0.24;0.16;0.01;0.27;-0.05;0.06
26.40;0.24;0.15;0.01;0.27;-0.05;0.06
26.44;0.24;0.15;0.01;0.27;-0.05;0.06
26.48;0.24;0.15;0.01;0.27;-0.05;0.06
26.52;0.24;0.15;0.01;0.27;-0.05;0.06
26.56;0.24;0.15;0.01;0.27;-0.05;0.06
26.60;0.24;0.15;0.01;0.27;-0.05;0.06
26.64;0.23;0.15;0.01;0.27;-0.05;0.06
26.68;0.21;0.15;0.01;0.27;-0.05;0.06
26.72;0.19;0.15;0.01;0.27;-0.05;0.06
26.76;0.17;0.15;0.01;0.27;-0.05;0.06
26.80;0.17;0.15;0.01;0.27;-0.05;0.06
26.84;0.17;0.15;0.01;0.27;-0.05;0.06
26.88;0.16;0.15;0.01;0.27;-0.05;0.06
26.92;0.16;0.15;0.01;0.27;-0.05;0.06
26.96;0.14;0.15;0.01;0.27;-0.05;0.06
27.00;0.12;0.15;0.01;0.27;-0.05;0.06
27.04;0.11;0.15;0.01;0.27;-0.05;0.06
27.08;0.10;0.15;0.01;0.27;-0.05;0.06
27.12;0.10;0.15;0.01;0.27;-0.05;0.06
27.16;0.09;0.15;0.01;0.27;-0.05;0.06
27.20;0.08;0.15;0.01;0.27;-0.05;0.06
27.24;0.08;0.15;0.01;0.27;-0.05;0.06
27.28;0.08;0.15;0.01;0.27;-0.05;0.06
27.32;0.07;0.15;0.01;0.27;-0.05;0.06
27.36;0.06;0.15;0.01;0.27;-0.05;0.06
27.40;0.05;0.15;0.01;0.27;-0.05;0.06
27.44;0.05;0.15;0.01;0.27;-0.05;0.06
27.48;0.04;0.15;0.01;0.27;-0.05;0.06
27.52;0.04;0.15;0.01;0.27;-0.05;0.06
27.56;0.03;0.15;0.01;0.27;-0.05;0.06
27.60;0.02;0.15;0.01;0.27;-0.05;0.06
27.64;0.01;0.14;0.01;0.27;-0.05;0.06
27.68;0.01;0.14;0.01;0.27;-0.05;0.06
27.72;0.01;0.14;0.01;0.27;-0.05;0.06
27.76;0.01;0.14;0.01;0.27;-0.05;0.06
27.80;0.01;0.14;0.01;0.27;-0.05;0.06
27.84;0.01;0.12;0.00;0.27;-0.05;0.06
27.88;0.01;0.12;-0.01;0.27;-0.05;0.06
27.92;0.01;0.12;-0.01;0.27;-0.05;0.06
27.96;0.01;0.12;-0.01;0.27;-0.05;0.06
28.00;0.00;0.12;-0.01;0.27;-0.05;0.06
28.04;0.00;0.12;-0.01;0.27;-0.05;0.06
28.08;0.00;0.12;-0.01;0.27;-0.05;0.06
28.12;0.00;0.12;-0.01;0.27;-0.05;0.06
28.16;0.00;0.12;-0.01;0.27;-0.05;0.06
28.20;0.00;0.12;-0.01;0.27;-0.05;0.06
28.24;0.00;0.12;-0.01;0.27;-0.05;0.06
28.28;0.00;0.12;-0.01;0.27;-0.04;0.06
28.32;0.00;0.12;-0.01;0.27;-0.03;0.06
28.36;0.00;0.12;-0.01;0.27;-0.02;0.06
28.40;0.00;0.12;-0.01;0.27;-0.01;0.06
28.44;0.00;0.12;-0.01;0.27;-0.01;0.06
28.48;0.00;0.12;-0.01;0.27;-0.00;0.06
28.52;0.00;0.12;-0.01;0.27;-0.00;0.06
28.56;0.00;0.12;-0.01;0.27;-0.00;0.06
28.60;0.00;0.12;-0.01;0.27;0.00;0.06
28.64;0.00;0.11;-0.01;0.27;0.00;0.06
28.68;0.00;0.11;-0.01;0.27;0.01;0.06
28.72;0.00;0.11;-0.01;0.27;0.01;0.06
28.76;0.00;0.11;-0.01;0.27;0.01;0.06
28.80;0.00;0.11;-0.01;0.27;0.01;0.06
28.84;0.00;0.11;-0.01;0.27;0.02;0.06
28.88;0.00;0.11;-0.01;0.27;0.04;0.05
28.92;0.00;0.11;-0.01;0.27;0.04;0.05
28.96;0.00;0.11;-0.01;0.27;0.04;0.05
29.00;0.00;0.11;-0.01;0.27;0.04;0.05
29.04;0.00;0.11;-0.01;0.27;0.04;0.05
29.08;0.00;0.11;-0.01;0.27;0.04;0.05
29.12;0.00;0.11;-0.01;0.27;0.04;0.05
29.16;0.00;0.11;-0.01;0.27;0.04;0.05
29.20;0.00;0.02;-0.01;0.27;0.02;0.05
29.24;0.00;-0.03;-0.01;0.27;0.01;0.05
29.28;0.00;-0.03;-0.01;0.27;0.00;0.05
29.32;0.00;-0.03;-0.01;0.27;-0.03;0.05
29.36;0.00;-0.03;-0.01;0.27;-0.07;0.05
29.40;0.00;-0.03;-0.01;0.27;-0.09;0.05
29.44;0.00;-0.03;-0.01;0.27;-0.10;0.05
29.48;0.00;-0.03;-0.01;0.27;-0.10;0.05
29.52;0.00;-0.03;-0.01;0.27;-0.10;0.05
29.56;0.00;-0.03;-0.01;0.27;-0.10;0.05
29.60;0.00;-0.03;-0.01;0.27;-0.10;0.05
29.64;0.00;-0.03;-0.01;0.27;-0.10;0.05
29.68;0.00;-0.03;-0.01;0.26;-0.10;0.05
29.72;0.00;-0.03;-0.01;0.26;-0.10;0.05
29.76;0.00;-0.03;-0.01;0.26;-0.10;0.05
29.80;0.00;-0.03;-0.01;0.26;-0.10;0.05
29.84;0.00;-0.03;-0.01;0.26;-0.10;0.05
29.88;0.00;-0.03;-0.01;0.26;-0.11;0.05
29.92;0.00;-0.03;-0.01;0.25;-0.11;0.05
29.96;0.00;-0.03;-0.01;0.25;-0.11;0.05
30.00;0.00;-0.03;-0.01;0.25;-0.11;0.05
30.04;0.00;-0.02;-0.01;0.25;-0.11;0.05
30.08;0.00;-0.01;-0.01;0.26;-0.11;0.05
30.12;0.00;-0.01;-0.01;0.26;-0.13;0.05
30.16;0.00;-0.01;-0.01;0.26;-0.14;0.05
30.20;0.00;-0.01;-0.01;0.27;-0.16;0.05
30.24;0.00;-0.01;-0.01;0.27;-0.17;0.05
30.28;0.00;-0.01;-0.01;0.27;-0.17;0.05
30.32;0.00;-0.01;-0.01;0.27;-0.20;0.05
30.36;0.00;-0.01;-0.01;0.27;-0.22;0.05
30.40;0.00;-0.01;-0.01;0.27;-0.22;0.05
30.44;0.00;-0.01;-0.01;0.27;-0.23;0.05
30.48;0.00;-0.01;-0.01;0.27;-0.23;0.05
30.52;0.00;-0.01;-0.01;0.27;-0.23;0.05
30.56;0.00;-0.01;-0.01;0.27;-0.24;0.05
30.60;0.00;-0.01;-0.01;0.27;-0.24;0.05
30.64;0.00;-0.01;-0.01;0.27;-0.24;0.05
30.68;0.00;-0.01;-0.01;0.27;-0.24;0.05
30.72;0.00;-0.01;-0.01;0.27;-0.24;0.05
30.76;0.00;-0.01;-0.01;0.27;-0.24;0.05
30.80;0.00;-0.01;-0.01;0.27;-0.24;0.05
30.84;0.00;-0.01;-0.01;0.27;-0.24;0.05
30.88;0.00;-0.01;-0.03;0.27;-0.24;0.05
30.92;0.00;-0.01;-0.03;0.27;-0.24;0.05
30.96;0.00;-0.01;-0.03;0.27;-0.24;0.05
31.00;0.00;-0.01;-0.03;0.27;-0.24;0.05
31.04;0.00;-0.01;-0.03;0.27;-0.25;0.05
31.08;0.00;-0.01;-0.03;0.27;-0.27;0.05
31.12;0.00;-0.01;-0.04;0.27;-0.27;0.05
31.16;0.00;-0.01;-0.04;0.27;-0.28;0.05
31.20;0.00;-0.01;-0.04;0.27;-0.29;0.05
31.24;0.00;-0.01;-0.04;0.27;-0.31;0.05
31.28;0.00;-0.01;-0.04;0.27;-0.32;0.05
31.32;0.00;-0.01;-0.05;0.27;-0.32;0.05
31.36;0.00;-0.01;-0.05;0.26;-0.32;0.05
31.40;0.00;-0.01;-0.05;0.25;-0.32;0.05
31.44;0.00;-0.01;-0.05;0.25;-0.32;0.05
31.48;0.00;-0.01;-0.05;0.24;-0.32;0.05
31.52;0.00;-0.01;-0.05;0.24;-0.32;0.05
31.56;0.00;-0.01;-0.05;0.24;-0.32;0.05
31.60;0.00;-0.01;-0.05;0.23;-0.32;0.05
31.64;0.00;-0.01;-0.05;0.22;-0.32;0.05
31.68;0.00;-0.01;-0.05;0.21;-0.32;0.05
31.72;0.00;-0.01;-0.05;0.21;-0.32;0.05
31.76;0.00;-0.01;-0.05;0.21;-0.32;0.05
31.80;0.00;-0.01;-0.05;0.21;-0.32;0.05
31.84;0.00;-0.01;-0.05;0.21;-0.32;0.05
31.88;0.00;-0.01;-0.05;0.21;-0.32;0.05
31.92;0.00;-0.01;-0.05;0.20;-0.32;0.05
31.96;0.00;-0.01;-0.05;0.19;-0.32;0.05
32.00;0.00;-0.01;-0.05;0.19;-0.32;0.05
32.04;0.00;-0.01;-0.05;0.19;-0.32;0.05
32.08;0.00;-0.01;-0.05;0.19;-0.32;0.05
32.12;0.00;-0.01;-0.05;0.18;-0.32;0.05
32.16;0.00;-0.01;-0.05;0.18;-0.32;0.05
32.20;0.00;-0.01;-0.05;0.18;-0.33;0.05
32.24;0.00;-0.01;-0.05;0.18;-0.34;0.05
32.28;0.00;-0.01;-0.05;0.17;-0.34;0.05
32.32;0.00;-0.01;-0.04;0.16;-0.35;0.05
32.36;0.00;-0.01;-0.04;0.15;-0.35;0.05
32.40;0.00;-0.01;-0.04;0.15;-0.36;0.05
32.44;0.00;-0.01;-0.04;0.14;-0.36;0.05
32.48;0.00;-0.01;-0.04;0.14;-0.36;0.05
32.52;0.00;-0.01;-0.04;0.13;-0.36;0.05
32.56;0.00;-0.01;-0.04;0.12;-0.36;0.05
32.60;0.00;-0.01;-0.04;0.12;-0.36;0.05
32.64;0.00;-0.01;-0.04;0.11;-0.36;0.05
32.68;0.00;-0.00;-0.04;0.11;-0.36;0.05
32.72;0.00;-0.00;-0.04;0.10;-0.36;0.05
32.76;0.00;-0.00;-0.04;0.10;-0.36;0.05
32.80;0.00;-0.00;-0.04;0.10;-0.36;0.05
32.84;0.00;-0.00;-0.03;0.10;-0.36;0.05
32.88;0.00;-0.00;-0.03;0.09;-0.36;0.05
32.92;0.00;-0.00;-0.03;0.09;-0.36;0.05
32.96;0.00;-0.00;-0.03;0.09;-0.36;0.05
33.00;0.00;-0.00;-0.03;0.09;-0.36;0.05
33.04;0.00;-0.00;-0.03;0.08;-0.36;0.05
33.08;0.00;-0.00;-0.03;0.08;-0.36;0.05
33.12;0.00;-0.00;-0.03;0.07;-0.36;0.05
33.16;0.00;-0.00;-0.03;0.07;-0.36;0.05
33.20;0.00;-0.00;-0.03;0.07;-0.36;0.05
33.24;0.00;-0.00;-0.03;0.07;-0.36;0.05
33.28;0.00;-0.00;-0.02;0.07;-0.36;0.05
33.32;0.00;-0.00;-0.02;0.07;-0.36;0.05
33.36;0.00;-0.00;-0.02;0.07;-0.36;0.05
33.40;0.00;-0.00;-0.02;0.07;-0.36;0.05
33.44;0.00;-0.00;-0.02;0.07;-0.35;0.05
33.48;0.00;-0.00;-0.02;0.07;-0.35;0.05
33.52;0.00;-0.00;-0.02;0.07;-0.35;0.05
33.56;0.00;-0.00;-0.02;0.07;-0.35;0.05
33.60;0.00;-0.00;-0.02;0.07;-0.35;0.05
33.64;0.00;-0.00;-0.02;0.06;-0.35;0.05
33.68;0.00;-0.00;-0.02;0.05;-0.35;0.05
33.72;0.00;-0.00;-0.02;0.05;-0.34;0.05
33.76;0.00;-0.00;-0.02;0.05;-0.34;0.05
33.80;0.00;-0.00;-0.02;0.05;-0.34;0.05
33.84;0.00;-0.00;-0.02;0.05;-0.34;0.05
33.88;0.00;-0.00;-0.02;0.05;-0.34;0.05
33.92;0.00;-0.00;-0.02;0.05;-0.34;0.05
33.96;0.00;-0.00;-0.02;0.05;-0.34;0.05
34.00;0.00;-0.00;-0.02;0.05;-0.34;0.05
34.04;0.00;-0.00;-0.02;0.05;-0.34;0.05
34.08;0.00;-0.00;-0.02;0.05;-0.34;0.05
34.12;0.00;-0.00;-0.02;0.05;-0.34;0.05
34.16;0.00;-0.00;-0.02;0.05;-0.34;0.05
34.20;0.00;-0.00;-0.02;0.04;-0.34;0.05
34.24;0.00;-0.00;-0.02;0.04;-0.34;0.05
34.28;0.00;-0.00;-0.02;0.04;-0.34;0.05
34.32;0.00;-0.00;-0.02;0.04;-0.34;0.05
34.36;0.00;-0.00;-0.02;0.04;-0.33;0.05
34.40;0.00;-0.00;-0.02;0.04;-0.33;0.05
34.44;0.00;-0.00;-0.02;0.04;-0.33;0.05
34.48;0.00;-0.00;-0.02;0.04;-0.33;0.05
34.52;0.00;-0.00;-0.02;0.04;-0.32;0.05
34.56;0.00;-0.00;-0.02;0.04;-0.31;0.05
34.60;0.00;-0.00;-0.02;0.04;-0.30;0.05
34.64;0.00;-0.00;-0.02;0.04;-0.29;0.05
34.68;0.00;-0.00;-0.02;0.04;-0.29;0.05
34.72;0.00;-0.00;-0.02;0.04;-0.24;0.05
34.76;0.00;-0.00;-0.02;0.04;-0.22;0.05
34.80;0.00;-0.00;-0.02;0.04;-0.21;0.05
34.84;0.00;-0.00;-0.02;0.04;-0.21;0.05
34.88;0.00;-0.00;-0.02;0.04;-0.21;0.05
34.92;0.00;0.00;-0.02;0.04;-0.21;0.05
34.96;0.00;0.00;-0.02;0.04;-0.21;0.05
35.00;0.00;0.00;-0.02;0.04;-0.21;0.05
35.04;0.00;0.01;-0.02;0.04;-0.21;0.05
35.08;0.00;0.01;-0.02;0.04;-0.21;0.05
35.12;0.00;0.01;-0.02;0.04;-0.21;0.05
35.16;0.00;0.01;-0.02;0.04;-0.21;0.05
35.20;0.00;0.01;-0.02;0.04;-0.21;0.05
35.24;0.00;0.01;-0.02;0.04;-0.21;0.05
35.28;0.00;0.01;-0.02;0.04;-0.21;0.05
35.32;0.00;0.01;-0.02;0.04;-0.21;0.05
35.36;0.00;0.01;-0.02;0.04;-0.21;0.05
35.40;0.00;0.01;-0.02;0.04;-0.21;0.05
35.44;0.00;0.01;-0.02;0.04;-0.21;0.05
35.48;0.00;0.01;-0.02;0.04;-0.21;0.05
35.52;0.00;0.02;-0.02;0.04;-0.21;0.05
35.56;0.00;0.02;-0.02;0.04;-0.21;0.05
35.60;0.00;0.03;-0.02;0.04;-0.21;0.05
35.64;0.00;0.03;-0.02;0.04;-0.21;0.05
35.68;0.00;0.04;-0.02;0.04;-0.21;0.05
35.72;0.00;0.04;-0.01;0.04;-0.21;0.05
35.76;0.00;0.04;-0.01;0.04;-0.21;0.05
35.80;0.00;0.05;-0.01;0.04;-0.21;0.05
35.84;0.00;0.05;-0.01;0.04;-0.21;0.05
35.88;0.00;0.05;-0.01;0.04;-0.21;0.05
35.92;0.00;0.06;-0.01;0.04;-0.22;0.05
35.96;0.00;0.06;-0.01;0.04;-0.22;0.05
36.00;0.00;0.06;-0.01;0.03;-0.22;0.05
36.04;0.00;0.07;-0.01;0.03;-0.22;0.05
36.08;0.00;0.07;-0.01;0.03;-0.22;0.05
36.12;0.00;0.07;-0.01;0.03;-0.22;0.05
36.16;0.00;0.08;-0.01;0.03;-0.22;0.05
36.20;0.00;0.08;-0.01;0.03;-0.22;0.05
36.24;0.00;0.08;-0.01;0.03;-0.22;0.05
36.28;0.00;0.09;-0.01;0.03;-0.22;0.05
36.32;0.00;0.10;-0.01;0.03;-0.22;0.05
36.36;0.00;0.11;-0.01;0.03;-0.22;0.05
36.40;0.00;0.11;-0.01;0.03;-0.22;0.05
36.44;0.00;0.11;-0.01;0.02;-0.22;0.05
36.48;0.00;0.12;-0.01;0.02;-0.22;0.05
36.52;0.00;0.12;-0.01;0.02;-0.22;0.05
36.56;0.00;0.13;-0.01;0.02;-0.22;0.05
36.60;0.02;0.13;-0.01;0.02;-0.22;0.05
36.64;0.04;0.14;0.01;0.02;-0.22;0.05
36.68;0.05;0.15;0.02;0.02;-0.22;0.05
36.72;0.06;0.17;0.03;0.02;-0.22;0.05
36.76;0.08;0.18;0.04;0.02;-0.22;0.05
36.80;0.08;0.19;0.05;0.02;-0.22;0.05
36.84;0.09;0.20;0.05;0.02;-0.22;0.05
36.88;0.09;0.21;0.06;0.02;-0.22;0.05
36.92;0.09;0.21;0.06;0.02;-0.21;0.05
36.96;0.09;0.21;0.06;0.02;-0.21;0.05
37.00;0.09;0.23;0.07;0.02;-0.20;0.05
37.04;0.09;0.23;0.07;0.02;-0.19;0.05
37.08;0.10;0.24;0.08;0.02;-0.19;0.05
37.12;0.11;0.25;0.08;0.02;-0.18;0.05
37.16;0.11;0.25;0.08;0.02;-0.18;0.05
37.20;0.11;0.25;0.08;0.02;-0.18;0.05
37.24;0.12;0.25;0.09;0.02;-0.18;0.05
37.28;0.12;0.25;0.09;0.02;-0.18;0.05
37.32;0.13;0.25;0.10;0.02;-0.18;0.05
37.36;0.14;0.25;0.10;0.02;-0.18;0.05
37.40;0.15;0.26;0.11;0.02;-0.18;0.05
37.44;0.15;0.26;0.12;0.02;-0.18;0.05
37.48;0.17;0.27;0.12;0.02;-0.18;0.06
37.52;0.18;0.27;0.12;0.02;-0.18;0.06
37.56;0.20;0.27;0.12;0.02;-0.18;0.06
37.60;0.21;0.27;0.12;0.02;-0.18;0.06
37.64;0.22;0.27;0.12;0.02;-0.18;0.06
37.68;0.22;0.27;0.13;0.02;-0.18;0.06
37.72;0.22;0.27;0.13;0.03;-0.18;0.06
37.76;0.22;0.27;0.14;0.03;-0.18;0.06
37.80;0.22;0.27;0.15;0.03;-0.18;0.06
37.84;0.22;0.27;0.15;0.03;-0.18;0.06
37.88;0.22;0.27;0.15;0.04;-0.18;0.06
37.92;0.22;0.28;0.16;0.04;-0.18;0.06
37.96;0.22;0.29;0.16;0.04;-0.18;0.06
38.00;0.22;0.29;0.16;0.04;-0.18;0.06
38.04;0.22;0.30;0.16;0.05;-0.18;0.06
38.08;0.22;0.30;0.17;0.05;-0.15;0.06
38.12;0.22;0.30;0.17;0.05;-0.13;0.06
38.16;0.22;0.30;0.17;0.05;-0.12;0.06
38.20;0.22;0.31;0.18;0.05;-0.12;0.06
38.24;0.22;0.31;0.18;0.05;-0.11;0.06
38.28;0.22;0.31;0.18;0.06;-0.11;0.06
38.32;0.22;0.31;0.18;0.06;-0.10;0.06
38.36;0.22;0.31;0.18;0.07;-0.10;0.06
38.40;0.22;0.32;0.18;0.07;-0.09;0.06
38.44;0.22;0.33;0.18;0.07;-0.08;0.06
38.48;0.21;0.33;0.18;0.08;-0.08;0.06
38.52;0.21;0.33;0.18;0.08;-0.08;0.06
38.56;0.21;0.33;0.18;0.08;-0.07;0.06
38.60;0.21;0.33;0.18;0.08;-0.07;0.06
38.64;0.21;0.33;0.18;0.09;-0.07;0.06
38.68;0.21;0.33;0.18;0.09;-0.07;0.06
38.72;0.21;0.33;0.19;0.10;-0.07;0.06
38.76;0.21;0.33;0.19;0.10;-0.07;0.06
38.80;0.21;0.33;0.19;0.11;-0.07;0.06
38.84;0.21;0.33;0.19;0.11;-0.07;0.06
38.88;0.21;0.33;0.19;0.11;-0.07;0.06
38.92;0.21;0.33;0.19;0.11;-0.07;0.06
38.96;0.21;0.33;0.19;0.11;-0.07;0.06
39.00;0.21;0.33;0.19;0.11;-0.07;0.06
39.04;0.21;0.33;0.20;0.11;-0.07;0.06
39.08;0.21;0.33;0.20;0.11;-0.04;0.06
39.12;0.21;0.33;0.20;0.11;0.01;0.06
39.16;0.21;0.33;0.20;0.12;0.04;0.06
39.20;0.21;0.33;0.20;0.12;0.07;0.06
39.24;0.21;0.33;0.20;0.12;0.08;0.06
39.28;0.21;0.33;0.20;0.12;0.08;0.06
39.32;0.21;0.33;0.20;0.12;0.08;0.06
39.36;0.21;0.33;0.20;0.12;0.08;0.06
39.40;0.21;0.33;0.20;0.13;0.08;0.06
39.44;0.21;0.33;0.20;0.13;0.08;0.06
39.48;0.21;0.33;0.20;0.13;0.08;0.06
39.52;0.21;0.33;0.20;0.13;0.08;0.06
39.56;0.21;0.34;0.21;0.13;0.08;0.06
39.60;0.21;0.34;0.21;0.13;0.08;0.06
39.64;0.21;0.34;0.21;0.13;0.07;0.06
39.68;0.21;0.34;0.21;0.14;0.07;0.06
39.72;0.21;0.35;0.21;0.14;0.07;0.06
39.76;0.21;0.36;0.21;0.14;0.07;0.06
39.80;0.21;0.37;0.22;0.15;0.07;0.06
39.84;0.21;0.39;0.22;0.15;0.07;0.06
39.88;0.21;0.40;0.23;0.15;0.07;0.06
39.92;0.21;0.40;0.23;0.15;0.07;0.06
39.96;0.21;0.40;0.23;0.16;0.07;0.06
40.00;0.21;0.41;0.23;0.17;0.07;0.06
40.04;0.21;0.41;0.24;0.17;0.07;0.06
40.08;0.21;0.42;0.24;0.18;0.07;0.06
40.12;0.21;0.43;0.24;0.18;0.07;0.06
40.16;0.21;0.43;0.24;0.19;0.07;0.06
40.20;0.21;0.43;0.24;0.20;0.08;0.06
40.24;0.21;0.44;0.25;0.21;0.08;0.06
40.28;0.21;0.44;0.26;0.22;0.09;0.06
40.32;0.21;0.44;0.27;0.22;0.09;0.06
40.36;0.22;0.44;0.27;0.23;0.09;0.06
40.40;0.22;0.44;0.27;0.23;0.09;0.06
40.44;0.23;0.44;0.27;0.23;0.10;0.06
40.48;0.23;0.44;0.28;0.23;0.10;0.06
40.52;0.24;0.44;0.29;0.24;0.10;0.06
40.56;0.24;0.44;0.30;0.24;0.10;0.06
40.60;0.25;0.44;0.32;0.24;0.10;0.06
40.64;0.26;0.44;0.33;0.24;0.10;0.06
40.68;0.27;0.44;0.34;0.24;0.10;0.06
40.72;0.27;0.44;0.34;0.24;0.11;0.06
40.76;0.28;0.44;0.34;0.25;0.11;0.06
40.80;0.28;0.44;0.34;0.25;0.11;0.06
40.84;0.28;0.43;0.34;0.25;0.11;0.06
40.88;0.28;0.43;0.34;0.25;0.12;0.06
40.92;0.28;0.43;0.34;0.25;0.12;0.06
40.96;0.28;0.43;0.35;0.26;0.13;0.06
41.00;0.28;0.43;0.35;0.26;0.13;0.06
41.04;0.28;0.42;0.35;0.26;0.13;0.06
41.08;0.28;0.42;0.36;0.27;0.13;0.06
41.12;0.28;0.42;0.37;0.27;0.13;0.06
41.16;0.28;0.42;0.41;0.28;0.13;0.06
41.20;0.28;0.43;0.43;0.28;0.13;0.06
41.24;0.28;0.43;0.44;0.28;0.13;0.06
41.28;0.28;0.43;0.45;0.28;0.13;0.06
41.32;0.28;0.43;0.45;0.29;0.13;0.06
41.36;0.28;0.43;0.46;0.29;0.13;0.06
41.40;0.28;0.43;0.47;0.29;0.13;0.06
41.44;0.28;0.43;0.47;0.29;0.12;0.06
41.48;0.28;0.43;0.48;0.30;0.12;0.06
41.52;0.28;0.43;0.49;0.30;0.12;0.06
41.56;0.28;0.43;0.50;0.30;0.12;0.06
41.60;0.28;0.43;0.52;0.31;0.12;0.06
41.64;0.28;0.44;0.53;0.31;0.12;0.06
41.68;0.28;0.44;0.55;0.31;0.12;0.06
41.72;0.28;0.44;0.57;0.31;0.12;0.06
41.76;0.28;0.44;0.58;0.31;0.12;0.06
41.80;0.28;0.44;0.59;0.32;0.12;0.06
41.84;0.28;0.44;0.61;0.33;0.12;0.06
41.88;0.28;0.44;0.61;0.34;0.12;0.06
41.92;0.28;0.44;0.61;0.34;0.13;0.06
41.96;0.28;0.45;0.62;0.34;0.14;0.06
42.00;0.28;0.45;0.62;0.34;0.14;0.06
42.04;0.28;0.45;0.62;0.34;0.14;0.06
42.08;0.28;0.46;0.62;0.34;0.14;0.06
42.12;0.28;0.46;0.62;0.34;0.15;0.06
42.16;0.28;0.47;0.62;0.34;0.15;0.06
42.20;0.28;0.48;0.62;0.34;0.15;0.06
42.24;0.28;0.49;0.62;0.34;0.16;0.06
42.28;0.28;0.51;0.63;0.34;0.16;0.07
42.32;0.28;0.52;0.63;0.34;0.16;0.07
42.36;0.28;0.52;0.64;0.34;0.16;0.07
42.40;0.28;0.53;0.65;0.34;0.17;0.07
42.44;0.28;0.54;0.66;0.34;0.17;0.07
42.48;0.28;0.54;0.66;0.34;0.17;0.08
42.52;0.29;0.54;0.68;0.34;0.17;0.08
42.56;0.29;0.54;0.68;0.34;0.17;0.08
42.60;0.30;0.54;0.69;0.34;0.17;0.08
42.64;0.30;0.54;0.69;0.35;0.17;0.08
42.68;0.30;0.54;0.69;0.35;0.17;0.08
42.72;0.30;0.54;0.69;0.36;0.17;0.08
42.76;0.30;0.54;0.69;0.36;0.17;0.08
42.80;0.30;0.54;0.69;0.37;0.17;0.08
42.84;0.30;0.53;0.69;0.37;0.17;0.08
42.88;0.30;0.53;0.69;0.37;0.17;0.08
42.92;0.30;0.53;0.69;0.37;0.17;0.08
42.96;0.30;0.53;0.69;0.37;0.17;0.08
43.00;0.30;0.53;0.69;0.37;0.17;0.08
43.04;0.30;0.52;0.69;0.37;0.17;0.08
43.08;0.30;0.52;0.69;0.37;0.17;0.08
43.12;0.30;0.52;0.70;0.37;0.17;0.08
43.16;0.30;0.52;0.70;0.37;0.17;0.08
43.20;0.30;0.52;0.70;0.37;0.17;0.08
43.24;0.30;0.52;0.70;0.37;0.17;0.08
43.28;0.30;0.52;0.70;0.37;0.17;0.08
43.32;0.30;0.52;0.69;0.37;0.17;0.08
43.36;0.30;0.52;0.67;0.37;0.17;0.08
43.40;0.30;0.52;0.67;0.37;0.17;0.08
43.44;0.30;0.52;0.67;0.37;0.17;0.08
43.48;0.30;0.52;0.67;0.37;0.17;0.08
43.52;0.30;0.51;0.67;0.37;0.17;0.08
43.56;0.30;0.51;0.66;0.37;0.17;0.08
43.60;0.30;0.50;0.66;0.37;0.17;0.08
43.64;0.31;0.50;0.65;0.37;0.17;0.08
43.68;0.31;0.48;0.65;0.37;0.17;0.08
43.72;0.31;0.48;0.64;0.37;0.17;0.08
43.76;0.31;0.48;0.64;0.37;0.17;0.08
43.80;0.31;0.47;0.64;0.38;0.17;0.08
43.84;0.31;0.47;0.64;0.38;0.17;0.08
43.88;0.31;0.46;0.64;0.38;0.17;0.08
43.92;0.31;0.46;0.64;0.38;0.17;0.08
43.96;0.32;0.46;0.64;0.38;0.17;0.08
44.00;0.32;0.45;0.64;0.38;0.16;0.08
44.04;0.33;0.45;0.64;0.38;0.16;0.08
44.08;0.34;0.44;0.64;0.38;0.16;0.08
44.12;0.35;0.44;0.64;0.38;0.15;0.08
44.16;0.36;0.43;0.64;0.38;0.14;0.08
44.20;0.37;0.43;0.64;0.38;0.14;0.08
44.24;0.38;0.42;0.64;0.38;0.14;0.08
44.28;0.39;0.42;0.64;0.38;0.13;0.08
44.32;0.40;0.42;0.64;0.38;0.13;0.08
44.36;0.41;0.42;0.64;0.38;0.13;0.08
44.40;0.42;0.42;0.64;0.38;0.13;0.08
44.44;0.43;0.42;0.64;0.38;0.13;0.08
44.48;0.43;0.41;0.64;0.38;0.13;0.08
44.52;0.43;0.40;0.64;0.38;0.13;0.08
44.56;0.43;0.40;0.64;0.38;0.12;0.08
44.60;0.43;0.40;0.64;0.38;0.12;0.08
44.64;0.43;0.40;0.64;0.38;0.12;0.08
44.68;0.43;0.40;0.64;0.38;0.11;0.08
44.72;0.43;0.40;0.64;0.38;0.11;0.08
44.76;0.43;0.40;0.64;0.38;0.11;0.08
44.80;0.43;0.40;0.63;0.38;0.11;0.08
44.84;0.43;0.40;0.63;0.38;0.11;0.08
44.88;0.43;0.40;0.63;0.38;0.11;0.08
44.92;0.43;0.40;0.62;0.38;0.11;0.08
44.96;0.43;0.40;0.62;0.38;0.11;0.08
45.00;0.43;0.40;0.62;0.38;0.11;0.08
45.04;0.43;0.40;0.61;0.38;0.11;0.08
45.08;0.43;0.40;0.60;0.38;0.11;0.08
45.12;0.43;0.40;0.59;0.38;0.11;0.08
45.16;0.43;0.40;0.59;0.38;0.11;0.08
45.20;0.42;0.40;0.59;0.38;0.11;0.08
45.24;0.42;0.40;0.59;0.38;0.11;0.08
45.28;0.41;0.40;0.59;0.38;0.11;0.08
45.32;0.41;0.40;0.58;0.38;0.11;0.08
45.36;0.41;0.40;0.58;0.38;0.11;0.08
45.40;0.40;0.40;0.58;0.38;0.11;0.08
45.44;0.40;0.40;0.58;0.38;0.11;0.08
45.48;0.40;0.40;0.57;0.38;0.11;0.08
45.52;0.40;0.40;0.57;0.38;0.10;0.08
45.56;0.39;0.40;0.57;0.38;0.10;0.08
45.60;0.38;0.40;0.57;0.38;0.09;0.08
45.64;0.37;0.40;0.56;0.38;0.08;0.08
45.68;0.36;0.40;0.56;0.38;0.08;0.08
45.72;0.36;0.40;0.56;0.37;0.08;0.08
45.76;0.34;0.40;0.56;0.37;0.08;0.08
45.80;0.34;0.40;0.55;0.37;0.08;0.08
45.84;0.33;0.40;0.55;0.37;0.08;0.08
45.88;0.33;0.40;0.55;0.37;0.07;0.08
45.92;0.33;0.40;0.55;0.37;0.07;0.08
45.96;0.33;0.40;0.55;0.37;0.07;0.08
46.00;0.33;0.40;0.54;0.37;0.07;0.08
46.04;0.33;0.40;0.54;0.37;0.06;0.08
46.08;0.33;0.40;0.54;0.37;0.05;0.08
46.12;0.33;0.40;0.53;0.37;0.05;0.08
46.16;0.33;0.39;0.53;0.37;0.05;0.08
46.20;0.33;0.39;0.52;0.37;0.05;0.08
46.24;0.33;0.39;0.52;0.36;0.05;0.08
46.28;0.33;0.39;0.52;0.36;0.04;0.08
46.32;0.33;0.39;0.51;0.36;0.03;0.08
46.36;0.33;0.39;0.50;0.36;0.03;0.08
46.40;0.33;0.39;0.50;0.36;0.02;0.08
46.44;0.33;0.39;0.49;0.36;0.02;0.08
46.48;0.33;0.39;0.48;0.36;0.02;0.08
46.52;0.33;0.39;0.47;0.36;0.02;0.08
46.56;0.33;0.39;0.45;0.36;0.02;0.08
46.60;0.33;0.39;0.43;0.36;0.02;0.08
46.64;0.33;0.39;0.42;0.36;0.02;0.08
46.68;0.33;0.39;0.42;0.36;0.02;0.08
46.72;0.33;0.39;0.42;0.36;0.02;0.08
46.76;0.33;0.39;0.42;0.36;0.02;0.08
46.80;0.33;0.39;0.42;0.36;0.02;0.08
46.84;0.33;0.39;0.42;0.36;0.02;0.08
46.88;0.33;0.39;0.42;0.36;0.02;0.08
46.92;0.33;0.39;0.42;0.36;0.02;0.08
46.96;0.33;0.39;0.42;0.36;0.02;0.08
47.00;0.33;0.39;0.42;0.36;0.02;0.08
47.04;0.33;0.39;0.41;0.36;0.02;0.08
47.08;0.33;0.39;0.41;0.36;0.02;0.08
47.12;0.33;0.39;0.41;0.36;0.02;0.08
47.16;0.33;0.39;0.41;0.36;0.02;0.08
47.20;0.33;0.39;0.41;0.36;0.02;0.08
47.24;0.33;0.39;0.41;0.36;0.02;0.08
47.28;0.33;0.39;0.40;0.36;0.02;0.08
47.32;0.33;0.39;0.39;0.36;0.02;0.08
47.36;0.33;0.39;0.39;0.36;0.02;0.08
47.40;0.33;0.39;0.38;0.36;0.02;0.08
47.44;0.33;0.39;0.37;0.36;0.02;0.08
47.48;0.33;0.39;0.36;0.36;0.03;0.08
47.52;0.33;0.39;0.36;0.35;0.03;0.08
47.56;0.33;0.39;0.35;0.35;0.03;0.08
47.60;0.33;0.39;0.35;0.35;0.03;0.08
47.64;0.33;0.39;0.35;0.35;0.03;0.08
47.68;0.33;0.39;0.35;0.35;0.03;0.08
47.72;0.33;0.39;0.35;0.35;0.03;0.08
47.76;0.33;0.39;0.34;0.35;0.03;0.08
47.80;0.33;0.39;0.33;0.35;0.03;0.08
47.84;0.33;0.39;0.33;0.35;0.03;0.08
47.88;0.33;0.39;0.33;0.35;0.05;0.08
47.92;0.33;0.39;0.33;0.35;0.06;0.08
47.96;0.33;0.39;0.33;0.35;0.07;0.08
48.00;0.33;0.39;0.33;0.35;0.08;0.08
48.04;0.33;0.39;0.33;0.35;0.09;0.08
48.08;0.33;0.39;0.33;0.35;0.09;0.08
48.12;0.33;0.38;0.33;0.34;0.09;0.08
48.16;0.33;0.38;0.33;0.34;0.09;0.08
48.20;0.33;0.38;0.32;0.34;0.09;0.08
48.24;0.33;0.38;0.32;0.34;0.09;0.08
48.28;0.33;0.38;0.32;0.34;0.09;0.08
48.32;0.33;0.38;0.32;0.34;0.09;0.08
48.36;0.33;0.38;0.31;0.34;0.09;0.08
48.40;0.33;0.38;0.31;0.34;0.09;0.08
48.44;0.33;0.38;0.31;0.34;0.09;0.08
48.48;0.33;0.38;0.31;0.34;0.09;0.08
48.52;0.33;0.38;0.31;0.34;0.09;0.08
48.56;0.33;0.38;0.31;0.34;0.09;0.08
48.60;0.33;0.38;0.30;0.34;0.09;0.08
48.64;0.33;0.38;0.30;0.34;0.10;0.08
48.68;0.33;0.38;0.30;0.34;0.10;0.08
48.72;0.33;0.38;0.30;0.34;0.11;0.08
48.76;0.33;0.38;0.30;0.34;0.11;0.08
48.80;0.33;0.38;0.30;0.34;0.12;0.08
48.84;0.33;0.38;0.30;0.34;0.12;0.08
48.88;0.33;0.38;0.30;0.34;0.12;0.08
48.92;0.33;0.38;0.30;0.34;0.13;0.08
48.96;0.33;0.38;0.30;0.34;0.13;0.08
49.00;0.33;0.38;0.30;0.34;0.13;0.08
49.04;0.33;0.38;0.30;0.34;0.13;0.08
49.08;0.33;0.37;0.30;0.34;0.13;0.08
49.12;0.33;0.36;0.30;0.34;0.13;0.08
49.16;0.33;0.35;0.30;0.34;0.13;0.08
49.20;0.33;0.35;0.30;0.34;0.13;0.08
49.24;0.33;0.33;0.30;0.34;0.13;0.08
49.28;0.33;0.31;0.30;0.34;0.13;0.08
49.32;0.33;0.28;0.29;0.34;0.13;0.08
49.36;0.33;0.25;0.29;0.34;0.13;0.08
49.40;0.32;0.24;0.29;0.34;0.13;0.08
49.44;0.32;0.23;0.29;0.34;0.13;0.08
49.48;0.32;0.21;0.29;0.34;0.13;0.08
49.52;0.32;0.20;0.28;0.34;0.13;0.07
49.56;0.32;0.19;0.28;0.34;0.12;0.07
49.60;0.32;0.18;0.28;0.34;0.11;0.07
49.64;0.32;0.15;0.28;0.34;0.10;0.07
49.68;0.32;0.13;0.28;0.34;0.09;0.07
49.72;0.32;0.12;0.27;0.34;0.09;0.07
49.76;0.32;0.10;0.27;0.34;0.08;0.07
49.80;0.32;0.09;0.27;0.34;0.07;0.07
49.84;0.32;0.09;0.27;0.34;0.06;0.07
49.88;0.32;0.09;0.28;0.34;0.05;0.07
49.92;0.32;0.09;0.28;0.34;0.05;0.07
49.96;0.32;0.09;0.30;0.34;0.04;0.07
50.00;0.32;0.09;0.31;0.34;0.04;0.07
50.04;0.32;0.10;0.32;0.34;0.04;0.07
50.08;0.32;0.10;0.32;0.34;0.04;0.07
50.12;0.32;0.10;0.32;0.34;0.04;0.07
50.16;0.32;0.10;0.33;0.34;0.04;0.07
50.20;0.32;0.11;0.34;0.34;0.04;0.08
50.24;0.32;0.11;0.34;0.34;0.04;0.08
50.28;0.32;0.12;0.35;0.34;0.04;0.08
50.32;0.32;0.12;0.35;0.34;0.04;0.09
50.36;0.32;0.14;0.35;0.34;0.04;0.09
50.40;0.32;0.15;0.35;0.34;0.04;0.09
50.44;0.32;0.16;0.35;0.34;0.04;0.09
50.48;0.32;0.17;0.35;0.33;0.04;0.09
50.52;0.32;0.19;0.35;0.33;0.04;0.09
50.56;0.32;0.20;0.35;0.33;0.04;0.09
50.60;0.32;0.21;0.35;0.33;0.04;0.09
50.64;0.32;0.23;0.35;0.33;0.04;0.09
50.68;0.32;0.23;0.35;0.33;0.04;0.09
50.72;0.32;0.23;0.35;0.33;0.04;0.09
50.76;0.32;0.23;0.35;0.33;0.04;0.09
50.80;0.32;0.23;0.35;0.33;0.04;0.08
50.84;0.32;0.23;0.35;0.33;0.03;0.08
50.88;0.32;0.23;0.35;0.33;0.03;0.08
50.92;0.32;0.23;0.35;0.33;0.03;0.08
50.96;0.32;0.23;0.35;0.33;0.03;0.07
51.00;0.30;0.23;0.35;0.33;0.03;0.07
51.04;0.29;0.23;0.35;0.33;0.03;0.07
51.08;0.29;0.23;0.35;0.33;0.03;0.07
51.12;0.28;0.23;0.35;0.33;0.03;0.07
51.16;0.27;0.23;0.35;0.33;0.01;0.07
51.20;0.25;0.21;0.35;0.33;0.00;0.07
51.24;0.24;0.18;0.35;0.33;-0.01;0.07
51.28;0.23;0.15;0.35;0.33;-0.03;0.06
51.32;0.22;0.12;0.35;0.33;-0.04;0.06
51.36;0.20;0.11;0.35;0.33;-0.04;0.06
51.40;0.18;0.11;0.35;0.33;-0.04;0.06
51.44;0.17;0.09;0.35;0.33;-0.04;0.06
51.48;0.16;0.08;0.35;0.33;-0.04;0.06
51.52;0.15;0.07;0.35;0.33;-0.04;0.05
51.56;0.14;0.07;0.35;0.33;-0.04;0.05
51.60;0.12;0.06;0.35;0.33;-0.04;0.05
51.64;0.10;0.04;0.35;0.33;-0.04;0.05
51.68;0.09;0.04;0.34;0.33;-0.04;0.05
51.72;0.08;0.04;0.31;0.33;-0.04;0.06
51.76;0.07;0.04;0.28;0.33;-0.04;0.06
51.80;0.05;0.04;0.26;0.33;-0.04;0.06
51.84;0.05;0.04;0.24;0.33;-0.04;0.06
51.88;0.04;0.04;0.21;0.33;-0.04;0.06
51.92;0.04;0.04;0.18;0.33;-0.04;0.06
51.96;0.03;0.04;0.17;0.33;-0.04;0.06
52.00;0.02;0.04;0.16;0.33;-0.04;0.06
52.04;0.02;0.04;0.15;0.33;-0.04;0.06
52.08;0.01;0.04;0.15;0.33;-0.04;0.06
52.12;0.01;0.04;0.14;0.33;-0.04;0.06
52.16;0.01;0.04;0.13;0.33;-0.04;0.06
52.20;0.01;0.04;0.12;0.33;-0.04;0.06
52.24;0.01;0.04;0.11;0.33;-0.04;0.06
52.28;0.01;0.04;0.11;0.33;-0.04;0.06
52.32;0.01;0.04;0.10;0.33;-0.04;0.06
52.36;0.01;0.04;0.09;0.33;-0.04;0.06
52.40;0.01;0.04;0.08;0.33;-0.04;0.06
52.44;0.01;0.04;0.07;0.33;-0.04;0.06
52.48;0.01;0.04;0.06;0.33;-0.04;0.06
52.52;0.01;0.04;0.06;0.33;-0.04;0.06
52.56;0.01;0.04;0.05;0.33;-0.04;0.05
52.60;0.01;0.04;0.04;0.33;-0.04;0.05
52.64;0.01;0.04;0.04;0.33;-0.04;0.05
52.68;0.01;0.04;0.03;0.33;-0.04;0.05
52.72;0.01;0.04;0.03;0.33;-0.04;0.05
52.76;0.01;0.04;0.02;0.33;-0.04;0.05
52.80;0.01;0.04;0.02;0.33;-0.04;0.05
52.84;0.01;0.04;0.01;0.33;-0.05;0.05
52.88;0.01;0.04;0.01;0.33;-0.06;0.05
52.92;0.01;0.04;0.01;0.33;-0.07;0.05
52.96;0.01;0.04;0.01;0.33;-0.08;0.05
53.00;0.01;0.04;0.01;0.33;-0.10;0.05
53.04;0.01;0.04;0.01;0.33;-0.10;0.05
53.08;0.01;0.04;0.01;0.33;-0.11;0.05
53.12;0.01;0.04;0.01;0.33;-0.12;0.05
53.16;0.01;0.04;0.00;0.33;-0.12;0.05
53.20;0.01;0.04;0.00;0.33;-0.12;0.06
53.24;0.01;0.04;0.00;0.33;-0.13;0.06
53.28;0.01;0.04;0.00;0.33;-0.13;0.06
53.32;0.01;0.04;0.00;0.33;-0.13;0.06
53.36;0.01;0.04;0.00;0.33;-0.13;0.06
53.40;0.01;0.04;0.00;0.33;-0.13;0.06
53.44;0.01;0.04;0.00;0.33;-0.13;0.06
53.48;0.01;0.04;0.00;0.33;-0.13;0.06
53.52;0.01;0.04;0.00;0.33;-0.13;0.06
53.56;0.01;0.04;0.00;0.33;-0.13;0.06
53.60;0.01;0.04;0.00;0.33;-0.14;0.06
53.64;0.01;0.04;0.00;0.33;-0.15;0.06
53.68;0.01;0.04;0.00;0.33;-0.15;0.06
53.72;0.01;0.04;0.00;0.33;-0.15;0.06
53.76;0.01;0.04;0.00;0.33;-0.16;0.06
53.80;0.01;0.04;0.00;0.33;-0.16;0.06
53.84;0.01;0.04;0.00;0.33;-0.16;0.06
53.88;0.01;0.04;0.00;0.33;-0.16;0.06
53.92;0.01;0.04;0.00;0.33;-0.17;0.06
53.96;0.01;0.04;0.00;0.33;-0.17;0.06
54.00;0.01;0.04;0.00;0.33;-0.17;0.06
54.04;0.01;0.04;0.00;0.33;-0.17;0.06
54.08;0.01;0.04;0.00;0.33;-0.17;0.06
54.12;0.01;0.04;0.00;0.33;-0.18;0.06
54.16;0.01;0.04;0.00;0.33;-0.18;0.06
54.20;0.01;0.04;0.00;0.33;-0.18;0.06
54.24;0.01;0.04;0.00;0.33;-0.18;0.06
54.28;0.01;0.04;0.00;0.33;-0.18;0.06
54.32;0.01;0.04;0.00;0.33;-0.18;0.06
54.36;0.01;0.04;0.00;0.33;-0.18;0.06
54.40;0.01;0.04;0.00;0.33;-0.18;0.06
54.44;0.01;0.04;0.00;0.33;-0.18;0.07
54.48;0.01;0.04;0.00;0.33;-0.18;0.07
54.52;0.01;0.04;0.00;0.33;-0.18;0.07
54.56;0.01;0.04;0.00;0.33;-0.19;0.07
54.60;0.01;0.04;0.00;0.33;-0.20;0.07
54.64;0.01;0.04;0.00;0.33;-0.21;0.07
54.68;0.01;0.03;0.00;0.33;-0.21;0.07
54.72;0.01;0.03;0.00;0.33;-0.23;0.07
54.76;0.01;0.03;0.00;0.33;-0.23;0.07
54.80;0.01;0.03;0.00;0.33;-0.24;0.07
54.84;0.01;0.02;0.00;0.33;-0.24;0.07
54.88;0.01;0.02;0.00;0.33;-0.24;0.07
54.92;0.01;0.02;0.00;0.33;-0.24;0.07
54.96;0.01;0.02;0.00;0.33;-0.24;0.07
55.00;0.01;0.02;0.00;0.33;-0.24;0.07
55.04;0.01;0.02;0.00;0.33;-0.24;0.07
55.08;0.01;0.02;0.00;0.33;-0.24;0.07
55.12;0.01;0.02;0.00;0.33;-0.24;0.07
55.16;0.01;0.02;0.00;0.33;-0.24;0.07
55.20;0.01;0.02;0.00;0.33;-0.24;0.07
55.24;0.01;0.02;0.00;0.33;-0.24;0.07
55.28;0.01;0.01;0.00;0.33;-0.24;0.07
55.32;0.01;0.01;0.00;0.33;-0.25;0.07
55.36;0.02;0.01;0.00;0.33;-0.25;0.07
55.40;0.02;0.01;0.00;0.33;-0.25;0.07
55.44;0.02;0.01;0.00;0.33;-0.25;0.07
55.48;0.02;0.01;0.00;0.33;-0.27;0.07
55.52;0.02;0.01;0.00;0.33;-0.30;0.07
55.56;0.02;0.01;0.00;0.33;-0.36;0.07
55.60;0.02;0.01;0.00;0.33;-0.38;0.07
55.64;0.02;0.01;0.00;0.33;-0.38;0.07
55.68;0.02;0.01;0.00;0.33;-0.38;0.07
55.72;0.02;0.01;0.00;0.33;-0.38;0.07
55.76;0.02;0.01;0.00;0.33;-0.39;0.07
55.80;0.02;0.01;0.00;0.33;-0.39;0.07
55.84;0.02;0.01;0.00;0.33;-0.39;0.07
55.88;0.02;0.01;0.00;0.33;-0.39;0.07
55.92;0.02;0.01;0.00;0.33;-0.39;0.07
55.96;0.02;0.01;0.00;0.33;-0.39;0.07
56.00;0.03;0.01;0.00;0.33;-0.39;0.07
56.04;0.03;0.01;0.00;0.33;-0.39;0.07
56.08;0.03;0.01;0.00;0.33;-0.39;0.07
56.12;0.03;0.01;0.00;0.33;-0.39;0.07
56.16;0.03;0.01;0.00;0.33;-0.39;0.07
56.20;0.03;0.01;0.00;0.33;-0.39;0.07
56.24;0.04;0.01;0.00;0.33;-0.39;0.07
56.28;0.04;0.01;0.00;0.33;-0.39;0.07
56.32;0.04;0.01;0.00;0.33;-0.39;0.07
56.36;0.04;0.01;0.00;0.33;-0.40;0.07
56.40;0.05;0.01;0.00;0.33;-0.40;0.07
56.44;0.06;0.01;0.00;0.33;-0.41;0.07
56.48;0.06;0.01;0.00;0.33;-0.41;0.07
56.52;0.06;0.01;0.00;0.33;-0.41;0.07
56.56;0.07;0.01;0.00;0.33;-0.42;0.07
56.60;0.07;0.01;0.00;0.33;-0.42;0.07
56.64;0.07;0.01;0.00;0.33;-0.42;0.07
56.68;0.07;0.01;0.00;0.33;-0.43;0.07
56.72;0.07;0.01;0.00;0.33;-0.43;0.07
56.76;0.07;0.01;0.00;0.33;-0.43;0.07
56.80;0.07;0.01;0.00;0.33;-0.43;0.07
56.84;0.07;0.01;0.00;0.33;-0.43;0.07
56.88;0.07;0.01;0.00;0.33;-0.43;0.07
56.92;0.07;0.01;0.00;0.33;-0.43;0.07
56.96;0.07;0.01;0.00;0.33;-0.43;0.07
57.00;0.07;0.01;0.00;0.33;-0.43;0.07
57.04;0.07;0.01;0.00;0.33;-0.43;0.07
57.08;0.06;0.01;0.00;0.33;-0.43;0.07
57.12;0.06;0.01;0.00;0.33;-0.44;0.07
57.16;0.06;0.01;0.00;0.33;-0.44;0.07
57.20;0.06;0.01;0.00;0.33;-0.44;0.07
57.24;0.05;0.01;0.00;0.33;-0.44;0.07
57.28;0.04;0.01;0.00;0.33;-0.44;0.07
57.32;0.03;0.01;0.00;0.33;-0.44;0.07
57.36;0.01;0.01;0.00;0.32;-0.44;0.07
57.40;-0.00;0.01;0.00;0.32;-0.44;0.07
57.44;-0.01;0.01;0.00;0.32;-0.44;0.07
57.48;-0.01;0.01;0.00;0.32;-0.45;0.07
57.52;-0.01;0.01;0.00;0.32;-0.45;0.07
57.56;-0.01;0.01;0.00;0.32;-0.45;0.07
57.60;-0.01;0.01;0.00;0.32;-0.45;0.07
57.64;-0.01;0.01;0.00;0.32;-0.45;0.07
57.68;-0.01;0.01;0.00;0.32;-0.45;0.07
57.72;-0.01;0.01;0.00;0.32;-0.45;0.08
57.76;-0.01;0.01;0.00;0.32;-0.45;0.08
57.80;-0.01;0.01;0.00;0.31;-0.45;0.08
57.84;-0.01;0.01;0.00;0.31;-0.45;0.08
57.88;-0.01;0.01;0.00;0.30;-0.45;0.08
57.92;-0.01;0.01;0.00;0.30;-0.45;0.08
57.96;-0.01;0.01;0.00;0.30;-0.45;0.08
58.00;-0.01;0.01;0.00;0.30;-0.45;0.08
58.04;-0.01;0.01;0.00;0.30;-0.45;0.08
58.08;-0.01;0.01;0.00;0.29;-0.45;0.08
58.12;-0.01;0.01;0.00;0.29;-0.45;0.08
58.16;-0.01;0.01;0.00;0.29;-0.45;0.08
58.20;-0.01;0.01;0.00;0.28;-0.45;0.08
58.24;-0.01;0.01;0.00;0.28;-0.45;0.08
58.28;-0.01;0.01;0.00;0.27;-0.45;0.08
58.32;-0.01;0.01;0.00;0.26;-0.45;0.08
58.36;-0.01;0.01;-0.00;0.25;-0.45;0.08
58.40;-0.01;0.01;-0.00;0.24;-0.45;0.08
58.44;-0.01;0.01;-0.00;0.24;-0.45;0.08
58.48;-0.01;0.01;-0.00;0.23;-0.45;0.08
58.52;-0.01;0.01;-0.01;0.23;-0.45;0.08
58.56;-0.01;0.01;-0.01;0.23;-0.45;0.08
58.60;-0.01;0.01;-0.01;0.23;-0.45;0.08
58.64;-0.01;0.01;-0.01;0.23;-0.45;0.08
58.68;-0.01;0.01;-0.02;0.22;-0.45;0.08
58.72;-0.01;0.01;-0.03;0.22;-0.45;0.08
58.76;-0.02;0.01;-0.03;0.21;-0.45;0.08
58.80;-0.02;0.01;-0.04;0.21;-0.45;0.08
58.84;-0.02;0.01;-0.04;0.21;-0.45;0.08
58.88;-0.02;0.01;-0.05;0.21;-0.45;0.08
58.92;-0.02;0.01;-0.05;0.20;-0.45;0.08
58.96;-0.02;0.01;-0.06;0.20;-0.45;0.08
59.00;-0.02;0.01;-0.06;0.19;-0.45;0.08
59.04;-0.02;0.01;-0.06;0.19;-0.44;0.08
59.08;-0.02;0.01;-0.07;0.19;-0.44;0.08
59.12;-0.02;0.01;-0.07;0.19;-0.43;0.08
59.16;-0.02;0.01;-0.07;0.19;-0.43;0.08
59.20;-0.02;0.01;-0.08;0.19;-0.42;0.08
59.24;-0.02;0.01;-0.08;0.19;-0.42;0.08
59.28;-0.02;0.01;-0.08;0.19;-0.41;0.08
59.32;-0.02;0.01;-0.08;0.19;-0.40;0.08
59.36;-0.02;0.01;-0.08;0.19;-0.40;0.08
59.40;-0.02;0.01;-0.08;0.18;-0.40;0.08
59.44;-0.02;0.01;-0.09;0.18;-0.40;0.08
59.48;-0.02;0.01;-0.09;0.18;-0.40;0.08
59.52;-0.02;0.01;-0.09;0.18;-0.40;0.08
59.56;-0.02;0.01;-0.09;0.18;-0.40;0.08
59.60;-0.02;0.01;-0.09;0.18;-0.40;0.08
59.64;-0.02;0.01;-0.09;0.18;-0.40;0.08
59.68;-0.02;0.01;-0.09;0.18;-0.40;0.08
59.72;-0.02;0.01;-0.09;0.18;-0.40;0.08
59.76;-0.04;0.01;-0.09;0.18;-0.40;0.08
59.80;-0.06;0.01;-0.09;0.18;-0.40;0.08
59.84;-0.06;0.01;-0.09;0.18;-0.40;0.08
59.88;-0.07;0.01;-0.09;0.18;-0.40;0.08
59.92;-0.07;0.01;-0.09;0.18;-0.40;0.08
59.96;-0.08;0.01;-0.09;0.18;-0.40;0.08
60.00;-0.07;0.01;-0.10;0.18;-0.40;0.08
60.04;-0.07;0.01;-0.10;0.18;-0.40;0.08
60.08;-0.07;0.01;-0.10;0.18;-0.40;0.08
60.12;-0.07;0.01;-0.10;0.18;-0.40;0.09
60.16;-0.07;0.01;-0.10;0.18;-0.40;0.09
60.20;-0.07;0.01;-0.10;0.18;-0.40;0.09
60.24;-0.07;0.01;-0.09;0.18;-0.40;0.09
60.28;-0.07;0.01;-0.09;0.18;-0.39;0.09
60.32;-0.07;0.01;-0.09;0.18;-0.39;0.09
60.36;-0.07;0.01;-0.08;0.18;-0.39;0.09
60.40;-0.07;0.01;-0.07;0.18;-0.39;0.09
60.44;-0.07;0.01;-0.06;0.18;-0.39;0.09
60.48;-0.07;0.01;-0.06;0.18;-0.38;0.09
60.52;-0.07;0.01;-0.05;0.18;-0.38;0.09
60.56;-0.07;0.01;-0.05;0.18;-0.37;0.10
60.60;-0.07;0.01;-0.05;0.18;-0.37;0.10
60.64;-0.07;0.00;-0.04;0.18;-0.35;0.10
60.68;-0.07;0.00;-0.03;0.18;-0.35;0.10
60.72;-0.07;0.00;-0.02;0.18;-0.34;0.10
60.76;-0.07;0.00;-0.01;0.18;-0.34;0.10
60.80;-0.07;0.00;-0.01;0.18;-0.34;0.10
60.84;-0.07;0.01;0.00;0.17;-0.34;0.10
60.88;-0.07;0.01;0.00;0.17;-0.34;0.10
60.92;-0.07;0.01;0.00;0.17;-0.34;0.10
60.96;-0.07;0.01;0.00;0.17;-0.34;0.10
61.00;-0.07;0.01;0.00;0.17;-0.34;0.10
61.04;-0.07;0.01;0.00;0.17;-0.34;0.10
61.08;-0.07;0.01;0.01;0.17;-0.34;0.11
61.12;-0.07;0.01;0.01;0.17;-0.34;0.11
61.16;-0.07;0.01;0.01;0.17;-0.34;0.11
61.20;-0.05;0.01;0.01;0.17;-0.34;0.11
61.24;-0.04;0.01;0.01;0.17;-0.34;0.11
61.28;-0.03;0.01;0.02;0.17;-0.34;0.11
61.32;-0.02;0.01;0.02;0.17;-0.34;0.11
61.36;-0.00;0.01;0.02;0.17;-0.34;0.12
61.40;-0.00;0.01;0.02;0.16;-0.34;0.12
61.44;0.00;0.01;0.02;0.16;-0.34;0.12
61.48;0.01;0.01;0.04;0.16;-0.34;0.12
61.52;0.01;0.01;0.04;0.16;-0.34;0.12
61.56;0.01;0.01;0.05;0.16;-0.34;0.12
61.60;0.01;0.01;0.05;0.16;-0.34;0.12
61.64;0.01;0.01;0.05;0.16;-0.34;0.12
61.68;0.01;0.01;0.05;0.16;-0.34;0.12
61.72;0.01;0.01;0.06;0.16;-0.34;0.12
61.76;0.01;0.01;0.06;0.15;-0.34;0.12
61.80;0.01;0.01;0.07;0.15;-0.34;0.12
61.84;0.02;0.01;0.07;0.15;-0.34;0.13
61.88;0.02;0.01;0.07;0.15;-0.34;0.13
61.92;0.02;0.01;0.07;0.15;-0.34;0.14
61.96;0.02;0.01;0.07;0.15;-0.34;0.14
62.00;0.02;0.01;0.07;0.15;-0.34;0.14
62.04;0.02;0.01;0.08;0.15;-0.34;0.15
62.08;0.02;0.01;0.08;0.15;-0.34;0.15
62.12;0.02;0.01;0.08;0.15;-0.34;0.15
62.16;0.02;0.01;0.08;0.15;-0.34;0.15
62.20;0.02;0.01;0.08;0.15;-0.34;0.15
62.24;0.02;0.01;0.08;0.15;-0.35;0.16
62.28;0.02;0.01;0.08;0.15;-0.35;0.16
62.32;0.02;0.01;0.08;0.15;-0.35;0.16
62.36;0.02;0.01;0.08;0.15;-0.35;0.16
62.40;0.02;0.01;0.08;0.15;-0.35;0.17
62.44;0.02;0.01;0.08;0.15;-0.35;0.17
62.48;0.02;0.01;0.08;0.15;-0.35;0.17
62.52;0.02;0.01;0.08;0.15;-0.35;0.17
62.56;0.02;0.01;0.08;0.15;-0.35;0.17
62.60;0.02;0.01;0.08;0.15;-0.35;0.17
62.64;0.02;0.01;0.08;0.15;-0.35;0.17
62.68;0.02;0.01;0.08;0.15;-0.35;0.17
62.72;0.02;0.01;0.08;0.14;-0.35;0.17
62.76;0.02;0.01;0.08;0.14;-0.34;0.17
62.80;0.02;0.01;0.08;0.14;-0.33;0.18
62.84;0.02;0.01;0.08;0.14;-0.33;0.18
62.88;0.02;0.01;0.08;0.14;-0.33;0.18
62.92;0.02;0.01;0.08;0.14;-0.32;0.18
62.96;0.02;0.01;0.08;0.14;-0.32;0.18
63.00;0.02;0.01;0.08;0.13;-0.32;0.18
63.04;0.02;0.01;0.08;0.13;-0.32;0.18
63.08;0.02;0.01;0.08;0.13;-0.32;0.17
63.12;0.02;0.01;0.08;0.13;-0.32;0.17
63.16;0.02;0.01;0.08;0.13;-0.32;0.17
63.20;0.05;0.01;0.08;0.13;-0.32;0.17
63.24;0.05;0.01;0.08;0.13;-0.32;0.17
63.28;0.06;0.01;0.08;0.12;-0.32;0.17
63.32;0.06;0.01;0.08;0.12;-0.32;0.17
63.36;0.06;0.01;0.08;0.12;-0.32;0.17
63.40;0.06;0.01;0.09;0.12;-0.31;0.17
63.44;0.06;0.01;0.09;0.12;-0.31;0.17
63.48;0.06;0.01;0.09;0.12;-0.31;0.17
63.52;0.06;0.01;0.09;0.12;-0.29;0.17
63.56;0.06;0.01;0.09;0.12;-0.27;0.17
63.60;0.06;0.01;0.10;0.12;-0.27;0.17
63.64;0.06;0.01;0.10;0.12;-0.27;0.17
63.68;0.06;0.01;0.10;0.12;-0.27;0.16
63.72;0.06;0.01;0.11;0.12;-0.27;0.16
63.76;0.06;0.01;0.11;0.12;-0.27;0.16
63.80;0.06;0.01;0.11;0.12;-0.27;0.16
63.84;0.06;0.01;0.11;0.12;-0.27;0.16
63.88;0.06;0.01;0.11;0.12;-0.27;0.16
63.92;0.06;0.01;0.11;0.12;-0.27;0.16
63.96;0.06;0.01;0.11;0.12;-0.27;0.16
64.00;0.05;0.01;0.11;0.12;-0.27;0.16
64.04;0.05;0.01;0.11;0.12;-0.27;0.16
64.08;0.05;0.01;0.11;0.12;-0.27;0.16
64.12;0.04;0.01;0.11;0.12;-0.27;0.16
64.16;0.04;0.01;0.11;0.12;-0.27;0.16
64.20;0.03;0.01;0.11;0.11;-0.27;0.16
64.24;0.01;0.01;0.11;0.11;-0.27;0.16
64.28;-0.01;0.01;0.11;0.10;-0.27;0.16
64.32;-0.02;0.01;0.11;0.09;-0.28;0.16
64.36;-0.02;0.01;0.11;0.08;-0.28;0.16
64.40;-0.02;0.01;0.11;0.08;-0.29;0.16
64.44;-0.02;0.01;0.11;0.07;-0.29;0.16
64.48;-0.03;0.01;0.11;0.07;-0.29;0.16
64.52;-0.03;0.01;0.11;0.06;-0.29;0.16
64.56;-0.04;0.01;0.11;0.05;-0.29;0.16
64.60;-0.07;0.01;0.11;0.05;-0.29;0.16
64.64;-0.09;0.01;0.11;0.04;-0.29;0.16
64.68;-0.11;0.01;0.11;0.04;-0.29;0.15
64.72;-0.13;0.01;0.11;0.04;-0.30;0.15
64.76;-0.14;0.01;0.11;0.04;-0.30;0.15
64.80;-0.14;0.01;0.11;0.04;-0.30;0.15
64.84;-0.14;0.01;0.11;0.03;-0.30;0.15
64.88;-0.14;0.01;0.11;0.03;-0.30;0.15
64.92;-0.14;0.01;0.11;0.03;-0.30;0.15
64.96;-0.14;0.01;0.11;0.03;-0.30;0.15
65.00;-0.14;0.01;0.11;0.03;-0.30;0.15
65.04;-0.14;0.01;0.11;0.03;-0.30;0.15
65.08;-0.14;0.01;0.11;0.03;-0.30;0.15
65.12;-0.14;0.01;0.11;0.03;-0.30;0.14
65.16;-0.14;0.01;0.11;0.03;-0.30;0.14
65.20;-0.14;0.01;0.11;0.03;-0.30;0.14
65.24;-0.14;0.01;0.11;0.03;-0.30;0.14
65.28;-0.14;0.01;0.11;0.02;-0.30;0.14
65.32;-0.14;0.01;0.11;0.02;-0.30;0.14
65.36;-0.14;0.01;0.11;0.02;-0.30;0.14
65.40;-0.14;0.01;0.11;0.01;-0.30;0.13
65.44;-0.14;0.01;0.11;0.01;-0.30;0.13
65.48;-0.14;0.01;0.07;0.01;-0.30;0.13
65.52;-0.14;0.01;0.06;0.00;-0.30;0.13
65.56;-0.14;0.01;0.04;0.00;-0.30;0.13
65.60;-0.14;0.01;0.03;0.00;-0.30;0.13
65.64;-0.14;0.01;0.02;-0.01;-0.30;0.13
65.68;-0.14;0.01;0.01;-0.01;-0.30;0.13
65.72;-0.14;0.01;0.00;-0.01;-0.30;0.13
65.76;-0.14;0.01;0.00;-0.01;-0.30;0.13
65.80;-0.14;0.01;0.00;-0.01;-0.30;0.13
65.84;-0.14;0.01;0.00;-0.02;-0.30;0.12
65.88;-0.14;0.01;-0.00;-0.02;-0.29;0.12
65.92;-0.14;0.01;-0.00;-0.02;-0.29;0.12
65.96;-0.14;0.01;-0.00;-0.02;-0.29;0.12
66.00;-0.14;0.01;-0.00;-0.02;-0.29;0.12
66.04;-0.14;0.01;-0.00;-0.03;-0.29;0.12
66.08;-0.15;0.01;-0.00;-0.03;-0.29;0.12
66.12;-0.15;0.01;-0.00;-0.03;-0.29;0.12
66.16;-0.16;0.01;-0.00;-0.03;-0.29;0.12
66.20;-0.16;0.01;-0.00;-0.03;-0.28;0.12
66.24;-0.17;0.01;-0.00;-0.03;-0.27;0.12
66.28;-0.17;0.01;-0.00;-0.03;-0.27;0.13
66.32;-0.17;0.01;-0.00;-0.03;-0.26;0.13
66.36;-0.17;0.01;-0.00;-0.03;-0.25;0.13
66.40;-0.17;0.01;-0.00;-0.03;-0.24;0.13
66.44;-0.17;0.01;-0.00;-0.03;-0.23;0.13
66.48;-0.17;0.01;-0.00;-0.02;-0.23;0.13
66.52;-0.18;0.01;-0.00;-0.02;-0.22;0.13
66.56;-0.19;0.02;-0.00;-0.02;-0.21;0.13
66.60;-0.20;0.02;-0.00;-0.02;-0.21;0.13
66.64;-0.20;0.02;-0.00;-0.02;-0.21;0.13
66.68;-0.21;0.02;-0.00;-0.02;-0.21;0.13
66.72;-0.20;0.02;-0.00;-0.02;-0.21;0.13
66.76;-0.20;0.02;-0.00;-0.02;-0.21;0.13
66.80;-0.20;0.02;-0.00;-0.02;-0.21;0.13
66.84;-0.20;0.02;-0.00;-0.02;-0.21;0.13
66.88;-0.20;0.02;-0.00;-0.01;-0.22;0.13
66.92;-0.20;0.02;-0.00;-0.01;-0.22;0.13
66.96;-0.20;0.02;-0.00;-0.01;-0.22;0.13
67.00;-0.20;0.02;-0.00;-0.01;-0.23;0.13
67.04;-0.20;0.02;-0.00;-0.00;-0.25;0.13
67.08;-0.20;0.02;-0.00;0.00;-0.27;0.12
67.12;-0.20;0.02;-0.00;0.00;-0.29;0.12
67.16;-0.20;0.02;-0.00;0.00;-0.32;0.12
67.20;-0.20;0.02;-0.00;0.00;-0.33;0.12
67.24;-0.20;0.02;-0.00;0.00;-0.34;0.12
67.28;-0.20;0.02;-0.00;0.01;-0.34;0.12
67.32;-0.20;0.02;-0.00;0.01;-0.34;0.12
67.36;-0.20;0.02;-0.00;0.01;-0.34;0.12
67.40;-0.20;0.02;-0.00;0.01;-0.35;0.12
67.44;-0.20;0.02;-0.00;0.01;-0.35;0.12
67.48;-0.20;0.02;-0.00;0.01;-0.35;0.12
67.52;-0.20;0.02;-0.00;0.01;-0.35;0.11
67.56;-0.20;0.02;-0.00;0.01;-0.35;0.11
67.60;-0.19;0.02;-0.00;0.01;-0.35;0.11
67.64;-0.18;0.02;-0.00;0.01;-0.35;0.11
67.68;-0.18;0.02;-0.00;0.01;-0.35;0.10
67.72;-0.18;0.02;-0.00;0.01;-0.35;0.10
67.76;-0.18;0.02;-0.00;0.01;-0.35;0.10
67.80;-0.18;0.02;-0.00;0.01;-0.36;0.10
67.84;-0.18;0.02;-0.00;0.01;-0.36;0.10
67.88;-0.18;0.02;-0.00;0.01;-0.36;0.10
67.92;-0.18;0.02;-0.00;0.01;-0.38;0.10
67.96;-0.18;0.02;-0.00;0.01;-0.38;0.09
68.00;-0.18;0.02;-0.00;0.01;-0.38;0.09
68.04;-0.17;0.02;-0.00;0.01;-0.38;0.09
68.08;-0.16;0.02;-0.00;0.01;-0.38;0.08
68.12;-0.14;0.02;-0.00;0.01;-0.38;0.08
68.16;-0.12;0.02;-0.00;0.01;-0.38;0.08
68.20;-0.11;0.02;-0.00;0.01;-0.38;0.08
68.24;-0.09;0.02;-0.00;0.01;-0.38;0.08
68.28;-0.08;0.02;-0.00;0.01;-0.38;0.08
68.32;-0.07;0.02;-0.00;0.01;-0.38;0.08
68.36;-0.07;0.02;-0.00;0.01;-0.38;0.08
68.40;-0.06;0.02;-0.00;0.02;-0.38;0.08
68.44;-0.05;0.02;-0.00;0.02;-0.38;0.07
68.48;-0.05;0.02;-0.00;0.02;-0.39;0.07
68.52;-0.05;0.02;-0.00;0.02;-0.39;0.07
68.56;-0.05;0.02;-0.00;0.02;-0.39;0.07
68.60;-0.05;0.02;-0.00;0.02;-0.39;0.07
68.64;-0.04;0.02;-0.00;0.02;-0.39;0.07
68.68;-0.04;0.02;-0.00;0.02;-0.39;0.07
68.72;-0.04;0.02;-0.00;0.02;-0.39;0.07
68.76;-0.04;0.02;-0.00;0.02;-0.39;0.07
68.80;-0.03;0.02;-0.00;0.02;-0.39;0.07
68.84;-0.03;0.02;-0.00;0.02;-0.39;0.07
68.88;-0.03;0.02;-0.00;0.02;-0.39;0.07
68.92;-0.03;0.02;-0.00;0.02;-0.39;0.06
68.96;-0.03;0.02;-0.00;0.02;-0.39;0.06
69.00;-0.03;0.02;-0.00;0.02;-0.39;0.06
69.04;-0.03;0.02;-0.00;0.02;-0.39;0.06
69.08;-0.03;0.02;-0.00;0.03;-0.39;0.06
69.12;-0.03;0.02;-0.00;0.03;-0.39;0.06
69.16;-0.03;0.02;-0.01;0.03;-0.39;0.06
69.20;-0.03;0.02;-0.01;0.03;-0.39;0.06
69.24;-0.03;0.02;-0.01;0.03;-0.39;0.06
69.28;-0.03;0.02;-0.01;0.03;-0.39;0.06
69.32;-0.04;0.02;-0.01;0.03;-0.39;0.06
69.36;-0.04;0.02;-0.01;0.03;-0.39;0.06
69.40;-0.04;0.02;-0.01;0.03;-0.39;0.06
69.44;-0.04;0.02;-0.01;0.03;-0.39;0.06
69.48;-0.04;0.02;-0.01;0.03;-0.39;0.06
69.52;-0.07;0.02;-0.01;0.03;-0.39;0.06
69.56;-0.10;0.02;-0.01;0.03;-0.39;0.06
69.60;-0.12;0.02;-0.01;0.03;-0.39;0.06
69.64;-0.13;0.02;-0.01;0.04;-0.39;0.06
69.68;-0.13;0.02;-0.01;0.04;-0.39;0.06
69.72;-0.13;0.02;-0.01;0.04;-0.39;0.06
69.76;-0.13;0.02;-0.01;0.04;-0.39;0.06
69.80;-0.13;0.02;-0.01;0.04;-0.39;0.06
69.84;-0.13;0.02;-0.01;0.04;-0.39;0.06
69.88;-0.13;0.02;-0.01;0.04;-0.39;0.06
69.92;-0.13;0.02;-0.01;0.04;-0.39;0.06
69.96;-0.13;0.02;-0.01;0.04;-0.39;0.06
70.00;-0.13;0.02;-0.01;0.04;-0.39;0.06
70.04;-0.13;0.02;-0.02;0.04;-0.39;0.06
70.08;-0.13;0.02;-0.03;0.04;-0.39;0.06
70.12;-0.13;0.02;-0.04;0.04;-0.39;0.06
70.16;-0.12;0.02;-0.04;0.04;-0.39;0.06
70.20;-0.10;0.02;-0.04;0.04;-0.39;0.06
70.24;-0.08;0.02;-0.04;0.04;-0.39;0.06
70.28;-0.07;0.02;-0.04;0.05;-0.40;0.06
70.32;-0.05;0.02;-0.05;0.05;-0.41;0.06
70.36;-0.04;0.02;-0.05;0.05;-0.41;0.06
70.40;-0.03;0.02;-0.05;0.05;-0.42;0.06
70.44;-0.03;0.02;-0.07;0.05;-0.43;0.06
70.48;-0.03;0.02;-0.08;0.05;-0.43;0.06
70.52;-0.02;0.02;-0.09;0.05;-0.43;0.06
70.56;-0.02;0.02;-0.10;0.04;-0.43;0.06
70.60;-0.01;0.02;-0.10;0.04;-0.43;0.06
70.64;-0.01;0.02;-0.10;0.04;-0.43;0.06
70.68;-0.01;0.02;-0.11;0.04;-0.43;0.06
70.72;-0.01;0.02;-0.11;0.04;-0.43;0.06
70.76;-0.01;0.02;-0.12;0.04;-0.43;0.06
70.80;-0.01;0.02;-0.12;0.04;-0.43;0.06
70.84;-0.01;0.02;-0.13;0.03;-0.43;0.06
70.88;-0.01;0.02;-0.13;0.03;-0.43;0.06
70.92;-0.01;0.02;-0.13;0.03;-0.43;0.06
70.96;-0.01;0.02;-0.13;0.03;-0.42;0.06
71.00;-0.01;0.02;-0.13;0.02;-0.42;0.07
71.04;-0.01;0.02;-0.14;0.02;-0.42;0.07
71.08;-0.01;0.02;-0.14;0.02;-0.41;0.07
71.12;-0.01;0.02;-0.14;0.02;-0.39;0.07
71.16;-0.01;0.02;-0.14;0.02;-0.38;0.07
71.20;-0.01;0.02;-0.14;0.02;-0.36;0.07
71.24;-0.01;0.02;-0.13;0.02;-0.36;0.07
71.28;0.01;0.02;-0.13;0.01;-0.34;0.07
71.32;0.05;0.02;-0.11;0.01;-0.33;0.07
71.36;0.08;0.02;-0.07;0.01;-0.31;0.07
71.40;0.10;0.02;-0.02;0.01;-0.29;0.07
71.44;0.11;0.02;0.02;0.01;-0.28;0.07
71.48;0.12;0.02;0.11;0.01;-0.27;0.07
71.52;0.15;0.02;0.15;0.01;-0.27;0.08
71.56;0.17;0.02;0.17;0.01;-0.27;0.08
71.60;0.17;0.02;0.17;0.01;-0.27;0.09
71.64;0.17;0.02;0.18;0.01;-0.27;0.09
71.68;0.17;0.02;0.20;0.01;-0.27;0.09
71.72;0.17;0.02;0.21;0.01;-0.27;0.09
71.76;0.17;0.02;0.24;0.01;-0.26;0.09
71.80;0.17;0.02;0.29;0.01;-0.25;0.09
71.84;0.17;0.02;0.32;0.01;-0.23;0.09
71.88;0.18;0.03;0.32;0.02;-0.21;0.09
71.92;0.18;0.04;0.32;0.02;-0.19;0.09
71.96;0.18;0.06;0.32;0.02;-0.18;0.09
72.00;0.18;0.07;0.32;0.03;-0.17;0.09
72.04;0.18;0.08;0.33;0.04;-0.16;0.09
72.08;0.18;0.08;0.32;0.04;-0.16;0.09
72.12;0.18;0.09;0.32;0.05;-0.16;0.09
72.16;0.18;0.09;0.32;0.05;-0.16;0.09
72.20;0.18;0.09;0.32;0.05;-0.16;0.09
72.24;0.18;0.10;0.32;0.05;-0.16;0.10
72.28;0.18;0.10;0.32;0.05;-0.16;0.10
72.32;0.18;0.10;0.32;0.06;-0.16;0.10
72.36;0.18;0.11;0.32;0.06;-0.16;0.10
72.40;0.18;0.11;0.32;0.06;-0.16;0.10
72.44;0.18;0.11;0.32;0.06;-0.15;0.10
72.48;0.18;0.11;0.32;0.06;-0.15;0.10
72.52;0.18;0.11;0.32;0.06;-0.15;0.10
72.56;0.18;0.11;0.32;0.06;-0.15;0.11
72.60;0.18;0.11;0.32;0.07;-0.15;0.11
72.64;0.18;0.11;0.32;0.07;-0.15;0.11
72.68;0.18;0.11;0.32;0.07;-0.15;0.12
72.72;0.18;0.11;0.32;0.07;-0.15;0.12
72.76;0.18;0.11;0.31;0.07;-0.15;0.12
72.80;0.18;0.11;0.31;0.07;-0.15;0.12
72.84;0.18;0.11;0.31;0.07;-0.15;0.13
72.88;0.18;0.11;0.31;0.07;-0.15;0.13
72.92;0.18;0.11;0.30;0.07;-0.15;0.13
72.96;0.18;0.11;0.30;0.07;-0.16;0.14
73.00;0.19;0.11;0.30;0.07;-0.17;0.14
73.04;0.19;0.11;0.30;0.07;-0.17;0.15
73.08;0.20;0.11;0.29;0.07;-0.18;0.15
73.12;0.21;0.11;0.29;0.07;-0.18;0.15
73.16;0.21;0.11;0.29;0.07;-0.18;0.15
73.20;0.22;0.11;0.29;0.07;-0.18;0.15
73.24;0.23;0.11;0.28;0.07;-0.18;0.15
73.28;0.23;0.11;0.28;0.07;-0.18;0.15
73.32;0.23;0.11;0.28;0.07;-0.18;0.15
73.36;0.23;0.12;0.28;0.07;-0.18;0.15
73.40;0.23;0.13;0.29;0.07;-0.18;0.15
73.44;0.23;0.14;0.29;0.07;-0.18;0.15
73.48;0.23;0.15;0.33;0.07;-0.17;0.15
73.52;0.23;0.17;0.34;0.07;-0.16;0.15
73.56;0.24;0.18;0.35;0.07;-0.15;0.15
73.60;0.24;0.21;0.38;0.07;-0.13;0.15
73.64;0.24;0.24;0.41;0.07;-0.11;0.16
73.68;0.28;0.26;0.43;0.07;-0.09;0.16
73.72;0.31;0.29;0.47;0.07;-0.08;0.16
73.76;0.35;0.32;0.49;0.07;-0.06;0.16
73.80;0.39;0.35;0.52;0.07;-0.05;0.16
73.84;0.42;0.38;0.53;0.07;-0.05;0.16
73.88;0.42;0.40;0.54;0.07;-0.05;0.16
73.92;0.42;0.41;0.55;0.07;-0.05;0.17
73.96;0.42;0.43;0.55;0.08;-0.05;0.17
74.00;0.42;0.44;0.57;0.08;-0.05;0.17
74.04;0.42;0.45;0.60;0.08;-0.05;0.17
74.08;0.42;0.45;0.61;0.09;-0.03;0.17
74.12;0.42;0.45;0.62;0.09;-0.01;0.19
74.16;0.42;0.45;0.63;0.10;0.01;0.20
74.20;0.42;0.45;0.64;0.11;0.02;0.20
74.24;0.42;0.45;0.66;0.13;0.04;0.20
74.28;0.42;0.45;0.66;0.15;0.05;0.20
74.32;0.42;0.45;0.67;0.17;0.05;0.20
74.36;0.42;0.45;0.69;0.20;0.05;0.21
74.40;0.42;0.45;0.69;0.22;0.05;0.21
74.44;0.42;0.45;0.69;0.23;0.05;0.21
74.48;0.42;0.45;0.69;0.24;0.06;0.23
74.52;0.42;0.45;0.69;0.25;0.06;0.23
74.56;0.42;0.45;0.69;0.26;0.06;0.23
74.60;0.42;0.44;0.69;0.26;0.06;0.23
74.64;0.42;0.44;0.69;0.27;0.06;0.23
74.68;0.42;0.44;0.69;0.27;0.06;0.23
74.72;0.42;0.44;0.69;0.27;0.07;0.23
74.76;0.42;0.44;0.69;0.27;0.08;0.23
74.80;0.42;0.44;0.69;0.27;0.08;0.23
74.84;0.42;0.43;0.69;0.27;0.09;0.23
74.88;0.42;0.43;0.69;0.27;0.09;0.23
74.92;0.42;0.43;0.69;0.28;0.09;0.23
74.96;0.42;0.43;0.69;0.28;0.09;0.23
75.00;0.42;0.43;0.69;0.29;0.10;0.23
75.04;0.43;0.43;0.69;0.29;0.10;0.23
75.08;0.43;0.43;0.68;0.29;0.10;0.23
75.12;0.43;0.43;0.68;0.30;0.11;0.23
75.16;0.43;0.43;0.68;0.30;0.12;0.23
75.20;0.43;0.43;0.67;0.31;0.12;0.23
75.24;0.43;0.43;0.66;0.32;0.13;0.23
75.28;0.43;0.43;0.66;0.32;0.13;0.23
75.32;0.43;0.43;0.65;0.32;0.13;0.23
75.36;0.43;0.43;0.65;0.32;0.13;0.23
75.40;0.43;0.43;0.64;0.32;0.13;0.23
75.44;0.43;0.43;0.63;0.32;0.14;0.23
75.48;0.43;0.43;0.62;0.32;0.15;0.23
75.52;0.43;0.43;0.61;0.32;0.16;0.23
75.56;0.43;0.43;0.60;0.32;0.17;0.23
75.60;0.43;0.43;0.60;0.32;0.17;0.23
75.64;0.43;0.43;0.59;0.32;0.17;0.23
75.68;0.43;0.43;0.58;0.32;0.17;0.23
75.72;0.43;0.43;0.56;0.32;0.18;0.23
75.76;0.43;0.43;0.55;0.32;0.18;0.23
75.80;0.43;0.43;0.54;0.32;0.18;0.23
75.84;0.43;0.43;0.53;0.32;0.18;0.23
75.88;0.43;0.43;0.52;0.32;0.18;0.23
75.92;0.43;0.44;0.51;0.32;0.18;0.23
75.96;0.43;0.44;0.50;0.32;0.18;0.23
76.00;0.43;0.44;0.49;0.32;0.18;0.23
76.04;0.43;0.44;0.48;0.32;0.18;0.23
76.08;0.43;0.44;0.48;0.32;0.18;0.23
76.12;0.43;0.44;0.47;0.32;0.18;0.23
76.16;0.43;0.44;0.47;0.32;0.18;0.23
76.20;0.43;0.44;0.46;0.32;0.18;0.23
76.24;0.43;0.44;0.45;0.32;0.18;0.23
76.28;0.43;0.44;0.45;0.32;0.18;0.23
76.32;0.43;0.44;0.44;0.32;0.18;0.23
76.36;0.43;0.44;0.42;0.32;0.18;0.23
76.40;0.43;0.44;0.42;0.32;0.18;0.23
76.44;0.43;0.44;0.42;0.32;0.18;0.23
76.48;0.43;0.44;0.41;0.32;0.18;0.22
76.52;0.43;0.44;0.40;0.32;0.18;0.22
76.56;0.43;0.44;0.40;0.32;0.18;0.22
76.60;0.43;0.45;0.39;0.32;0.18;0.22
76.64;0.43;0.45;0.39;0.33;0.18;0.22
76.68;0.43;0.45;0.39;0.33;0.18;0.22
76.72;0.43;0.45;0.39;0.33;0.19;0.22
76.76;0.43;0.45;0.39;0.33;0.19;0.22
76.80;0.43;0.45;0.39;0.33;0.20;0.22
76.84;0.43;0.45;0.39;0.34;0.20;0.22
76.88;0.43;0.45;0.38;0.34;0.20;0.22
76.92;0.43;0.45;0.38;0.34;0.20;0.22
76.96;0.43;0.45;0.38;0.34;0.20;0.22
77.00;0.43;0.45;0.38;0.35;0.20;0.22
77.04;0.43;0.45;0.38;0.35;0.20;0.22
77.08;0.43;0.45;0.38;0.35;0.20;0.22
77.12;0.43;0.45;0.38;0.35;0.20;0.23
77.16;0.43;0.45;0.38;0.35;0.20;0.23
77.20;0.43;0.45;0.38;0.35;0.20;0.23
77.24;0.43;0.45;0.38;0.35;0.20;0.23
77.28;0.43;0.45;0.38;0.35;0.20;0.23
77.32;0.43;0.45;0.38;0.36;0.20;0.23
77.36;0.43;0.45;0.38;0.36;0.20;0.23
77.40;0.43;0.45;0.38;0.36;0.20;0.23
77.44;0.43;0.45;0.37;0.36;0.20;0.23
77.48;0.43;0.45;0.37;0.36;0.20;0.23
77.52;0.43;0.45;0.37;0.35;0.21;0.23
77.56;0.43;0.45;0.37;0.35;0.21;0.23
77.60;0.43;0.45;0.37;0.35;0.21;0.23
77.64;0.43;0.45;0.37;0.35;0.21;0.23
77.68;0.43;0.46;0.37;0.34;0.21;0.23
77.72;0.43;0.46;0.37;0.34;0.21;0.23
77.76;0.43;0.46;0.37;0.34;0.21;0.23
77.80;0.43;0.46;0.37;0.34;0.22;0.23
77.84;0.43;0.46;0.37;0.34;0.23;0.23
77.88;0.43;0.46;0.37;0.35;0.24;0.23
77.92;0.43;0.46;0.37;0.35;0.24;0.23
77.96;0.43;0.47;0.37;0.35;0.24;0.23
78.00;0.43;0.47;0.37;0.35;0.24;0.23
78.04;0.43;0.47;0.37;0.35;0.24;0.23
78.08;0.43;0.47;0.37;0.35;0.24;0.23
78.12;0.43;0.47;0.37;0.35;0.24;0.23
78.16;0.43;0.47;0.37;0.35;0.24;0.23
78.20;0.43;0.47;0.36;0.35;0.24;0.23
78.24;0.43;0.47;0.36;0.34;0.24;0.23
78.28;0.43;0.47;0.36;0.34;0.24;0.23
78.32;0.43;0.47;0.36;0.34;0.24;0.23
78.36;0.43;0.47;0.35;0.34;0.24;0.23
78.40;0.43;0.47;0.35;0.34;0.24;0.23
78.44;0.43;0.47;0.35;0.34;0.24;0.23
78.48;0.43;0.47;0.35;0.34;0.24;0.22
78.52;0.43;0.47;0.34;0.34;0.24;0.22
78.56;0.43;0.47;0.34;0.34;0.24;0.22
78.60;0.43;0.46;0.34;0.33;0.24;0.22
78.64;0.43;0.46;0.33;0.33;0.24;0.22
78.68;0.44;0.46;0.33;0.33;0.23;0.22
78.72;0.44;0.46;0.33;0.32;0.23;0.22
78.76;0.44;0.46;0.32;0.32;0.23;0.22
78.80;0.45;0.46;0.31;0.32;0.23;0.21
78.84;0.45;0.45;0.30;0.32;0.23;0.21
78.88;0.46;0.45;0.29;0.32;0.23;0.21
78.92;0.46;0.45;0.27;0.31;0.23;0.21
78.96;0.47;0.45;0.27;0.31;0.23;0.21
79.00;0.47;0.45;0.27;0.31;0.23;0.21
79.04;0.47;0.45;0.27;0.31;0.23;0.20
79.08;0.47;0.45;0.26;0.31;0.23;0.20
79.12;0.47;0.45;0.26;0.30;0.23;0.20
79.16;0.47;0.45;0.25;0.30;0.23;0.20
79.20;0.47;0.45;0.24;0.30;0.23;0.20
79.24;0.47;0.45;0.24;0.29;0.23;0.20
79.28;0.47;0.45;0.24;0.29;0.23;0.20
79.32;0.47;0.45;0.24;0.29;0.23;0.20
79.36;0.47;0.45;0.24;0.29;0.23;0.20
79.40;0.47;0.45;0.24;0.29;0.23;0.20
79.44;0.47;0.45;0.24;0.29;0.23;0.19
79.48;0.47;0.45;0.24;0.29;0.23;0.19
79.52;0.47;0.45;0.24;0.29;0.23;0.19
79.56;0.47;0.45;0.24;0.29;0.23;0.19
79.60;0.47;0.45;0.24;0.29;0.23;0.19
79.64;0.47;0.45;0.24;0.29;0.23;0.19
79.68;0.47;0.45;0.24;0.29;0.23;0.19
79.72;0.47;0.45;0.24;0.29;0.23;0.19
79.76;0.47;0.45;0.24;0.29;0.23;0.19
79.80;0.47;0.45;0.23;0.29;0.23;0.19
79.84;0.47;0.45;0.23;0.29;0.23;0.19
79.88;0.47;0.45;0.23;0.29;0.23;0.19
79.92;0.47;0.45;0.23;0.29;0.23;0.19
79.96;0.47;0.45;0.23;0.29;0.23;0.19
80.00;0.47;0.45;0.23;0.29;0.23;0.19
80.04;0.47;0.45;0.23;0.29;0.23;0.19
80.08;0.47;0.45;0.23;0.29;0.23;0.19
80.12;0.47;0.45;0.23;0.29;0.23;0.19
80.16;0.47;0.45;0.23;0.29;0.23;0.19
80.20;0.47;0.45;0.23;0.29;0.23;0.18
80.24;0.47;0.45;0.23;0.29;0.23;0.18
80.28;0.47;0.45;0.22;0.29;0.23;0.18
80.32;0.47;0.45;0.22;0.29;0.23;0.18
80.36;0.47;0.45;0.22;0.29;0.23;0.18
80.40;0.47;0.45;0.22;0.29;0.23;0.18
80.44;0.47;0.45;0.22;0.29;0.23;0.18
80.48;0.47;0.45;0.22;0.29;0.23;0.18
80.52;0.47;0.43;0.22;0.29;0.23;0.18
80.56;0.47;0.41;0.22;0.29;0.24;0.18
80.60;0.47;0.40;0.21;0.29;0.24;0.18
80.64;0.47;0.40;0.21;0.29;0.24;0.18
80.68;0.47;0.40;0.21;0.29;0.24;0.18
80.72;0.47;0.39;0.21;0.29;0.25;0.18
80.76;0.47;0.39;0.21;0.29;0.26;0.18
80.80;0.47;0.39;0.21;0.29;0.27;0.18
80.84;0.47;0.39;0.21;0.29;0.27;0.18
80.88;0.47;0.39;0.21;0.29;0.27;0.18
80.92;0.47;0.39;0.21;0.29;0.27;0.18
80.96;0.47;0.39;0.21;0.29;0.27;0.18
81.00;0.47;0.38;0.21;0.29;0.27;0.18
81.04;0.47;0.38;0.21;0.29;0.27;0.18
81.08;0.47;0.38;0.20;0.30;0.27;0.18
81.12;0.47;0.37;0.20;0.30;0.27;0.18
81.16;0.47;0.36;0.20;0.30;0.27;0.18
81.20;0.47;0.35;0.20;0.30;0.27;0.18
81.24;0.47;0.35;0.20;0.30;0.27;0.18
81.28;0.47;0.35;0.20;0.30;0.27;0.18
81.32;0.47;0.35;0.20;0.30;0.27;0.18
81.36;0.47;0.35;0.20;0.30;0.27;0.18
81.40;0.47;0.35;0.20;0.30;0.26;0.18
81.44;0.47;0.35;0.20;0.30;0.26;0.17
81.48;0.47;0.35;0.20;0.30;0.26;0.17
81.52;0.47;0.34;0.20;0.30;0.26;0.17
81.56;0.47;0.34;0.20;0.30;0.26;0.17
81.60;0.47;0.34;0.20;0.30;0.26;0.17
81.64;0.47;0.34;0.20;0.31;0.25;0.17
81.68;0.47;0.34;0.20;0.31;0.25;0.17
81.72;0.47;0.34;0.20;0.31;0.25;0.17
81.76;0.47;0.34;0.20;0.32;0.25;0.16
81.80;0.47;0.34;0.20;0.32;0.25;0.16
81.84;0.47;0.34;0.20;0.32;0.25;0.16
81.88;0.47;0.34;0.20;0.32;0.25;0.16
81.92;0.47;0.34;0.20;0.32;0.25;0.16
81.96;0.47;0.34;0.20;0.32;0.25;0.16
82.00;0.47;0.34;0.20;0.32;0.25;0.16
82.04;0.47;0.34;0.20;0.32;0.25;0.15
82.08;0.47;0.33;0.20;0.32;0.25;0.15
82.12;0.47;0.32;0.20;0.32;0.25;0.15
82.16;0.47;0.32;0.20;0.32;0.25;0.15
82.20;0.47;0.31;0.20;0.32;0.25;0.15
82.24;0.47;0.30;0.20;0.32;0.25;0.15
82.28;0.47;0.29;0.20;0.32;0.25;0.15
82.32;0.46;0.27;0.20;0.32;0.25;0.14
82.36;0.46;0.27;0.20;0.32;0.25;0.14
82.40;0.46;0.27;0.20;0.32;0.25;0.14
82.44;0.46;0.26;0.20;0.32;0.25;0.14
82.48;0.46;0.26;0.20;0.32;0.25;0.14
82.52;0.46;0.26;0.20;0.32;0.25;0.14
82.56;0.46;0.25;0.19;0.32;0.25;0.11
82.60;0.46;0.25;0.18;0.32;0.25;0.11
82.64;0.46;0.25;0.18;0.32;0.25;0.12
82.68;0.46;0.24;0.18;0.32;0.25;0.12
82.72;0.46;0.23;0.18;0.32;0.25;0.12
82.76;0.46;0.23;0.17;0.32;0.25;0.12
82.80;0.46;0.21;0.17;0.32;0.25;0.12
82.84;0.46;0.21;0.15;0.32;0.25;0.12
82.88;0.46;0.20;0.15;0.31;0.25;0.12
82.92;0.46;0.20;0.14;0.31;0.25;0.12
82.96;0.46;0.20;0.14;0.31;0.25;0.12
83.00;0.46;0.20;0.14;0.31;0.26;0.12
83.04;0.46;0.20;0.14;0.31;0.27;0.12
83.08;0.46;0.20;0.14;0.31;0.28;0.12
83.12;0.46;0.20;0.14;0.31;0.29;0.12
83.16;0.46;0.19;0.14;0.30;0.29;0.12
83.20;0.44;0.19;0.14;0.30;0.29;0.12
83.24;0.42;0.18;0.14;0.30;0.29;0.12
83.28;0.40;0.18;0.14;0.30;0.29;0.12
83.32;0.38;0.18;0.14;0.30;0.29;0.12
83.36;0.36;0.18;0.14;0.30;0.29;0.12
83.40;0.34;0.18;0.14;0.30;0.29;0.11
83.44;0.31;0.17;0.14;0.30;0.28;0.11
83.48;0.28;0.17;0.14;0.30;0.28;0.10
83.52;0.26;0.16;0.14;0.30;0.28;0.10
83.56;0.25;0.16;0.14;0.30;0.28;0.10
83.60;0.23;0.15;0.14;0.30;0.28;0.10
83.64;0.22;0.14;0.14;0.30;0.28;0.10
83.68;0.21;0.12;0.14;0.30;0.28;0.10
83.72;0.21;0.10;0.14;0.30;0.28;0.10
83.76;0.21;0.09;0.14;0.30;0.28;0.10
83.80;0.20;0.06;0.14;0.30;0.28;0.10
83.84;0.18;0.03;0.14;0.29;0.28;0.09
83.88;0.18;0.03;0.14;0.29;0.28;0.09
83.92;0.16;0.02;0.14;0.29;0.28;0.09
83.96;0.16;0.02;0.14;0.29;0.28;0.09
84.00;0.16;0.02;0.14;0.29;0.28;0.09
84.04;0.16;0.02;0.14;0.29;0.28;0.09
84.08;0.16;0.02;0.14;0.29;0.28;0.09
84.12;0.15;0.02;0.14;0.29;0.28;0.09
84.16;0.15;0.02;0.14;0.29;0.28;0.09
84.20;0.15;0.02;0.14;0.29;0.28;0.08
84.24;0.15;0.02;0.14;0.29;0.28;0.08
84.28;0.15;0.02;0.14;0.29;0.28;0.08
84.32;0.13;0.02;0.14;0.29;0.28;0.09
84.36;0.11;0.02;0.14;0.29;0.28;0.09
84.40;0.09;0.02;0.14;0.29;0.28;0.09
84.44;0.08;0.02;0.14;0.29;0.28;0.09
84.48;0.07;0.02;0.14;0.29;0.28;0.09
84.52;0.05;0.02;0.14;0.29;0.28;0.09
84.56;0.04;0.02;0.14;0.29;0.28;0.09
84.60;0.04;0.02;0.14;0.28;0.28;0.10
84.64;0.03;0.02;0.14;0.28;0.28;0.11
84.68;0.02;0.02;0.14;0.28;0.28;0.12
84.72;0.01;0.02;0.14;0.28;0.28;0.12
84.76;0.01;0.02;0.14;0.28;0.28;0.12
84.80;0.01;0.02;0.14;0.28;0.28;0.12
84.84;0.01;0.02;0.14;0.28;0.28;0.12
84.88;0.01;0.02;0.14;0.28;0.28;0.12
84.92;0.01;0.02;0.14;0.28;0.28;0.13
84.96;0.01;0.02;0.14;0.28;0.28;0.13
85.00;0.01;0.02;0.14;0.28;0.28;0.14
85.04;0.01;0.02;0.14;0.28;0.28;0.14
85.08;0.01;0.02;0.14;0.28;0.28;0.14
85.12;0.00;0.02;0.14;0.28;0.27;0.14
85.16;0.00;0.02;0.13;0.28;0.27;0.14
85.20;0.00;0.02;0.13;0.28;0.27;0.15
85.24;0.00;0.02;0.13;0.28;0.27;0.15
85.28;0.00;0.02;0.13;0.28;0.27;0.15
85.32;0.00;0.02;0.13;0.28;0.27;0.15
85.36;0.00;0.02;0.13;0.28;0.27;0.15
85.40;0.00;0.02;0.13;0.28;0.27;0.15
85.44;0.00;0.02;0.13;0.28;0.27;0.15
85.48;0.00;0.02;0.13;0.28;0.27;0.15
85.52;0.00;0.02;0.13;0.28;0.27;0.15
85.56;0.00;0.02;0.13;0.28;0.27;0.15
85.60;0.00;0.02;0.13;0.27;0.27;0.15
85.64;0.00;0.02;0.13;0.27;0.26;0.15
85.68;0.00;0.02;0.13;0.27;0.26;0.15
85.72;0.00;0.02;0.13;0.27;0.26;0.15
85.76;0.00;0.02;0.13;0.27;0.26;0.15
85.80;0.00;0.02;0.13;0.27;0.26;0.15
85.84;0.00;0.02;0.13;0.27;0.26;0.15
85.88;0.00;0.02;0.13;0.27;0.26;0.15
85.92;0.00;0.02;0.13;0.27;0.26;0.15
85.96;0.00;0.02;0.13;0.27;0.25;0.15
86.00;0.00;0.02;0.13;0.27;0.24;0.15
86.04;0.00;0.02;0.12;0.27;0.24;0.15
86.08;0.00;0.02;0.12;0.27;0.24;0.15
86.12;0.00;0.02;0.12;0.27;0.24;0.15
86.16;0.00;0.02;0.12;0.27;0.24;0.15
86.20;0.00;0.02;0.12;0.27;0.24;0.15
86.24;0.00;0.02;0.12;0.27;0.24;0.15
86.28;0.00;0.02;0.12;0.27;0.24;0.15
86.32;0.00;0.02;0.12;0.26;0.24;0.15
86.36;0.00;0.02;0.12;0.26;0.24;0.15
86.40;0.00;0.02;0.12;0.26;0.24;0.15
86.44;0.00;0.02;0.12;0.26;0.24;0.15
86.48;0.00;0.02;0.12;0.26;0.24;0.15
86.52;0.00;0.02;0.12;0.26;0.24;0.15
86.56;0.00;0.02;0.12;0.26;0.24;0.15
86.60;0.00;0.02;0.12;0.26;0.24;0.15
86.64;0.00;0.02;0.12;0.26;0.24;0.15
86.68;0.00;0.02;0.12;0.26;0.24;0.15
86.72;0.00;0.02;0.12;0.26;0.24;0.15
86.76;0.00;0.02;0.12;0.26;0.24;0.14
86.80;0.00;0.02;0.12;0.26;0.24;0.14
86.84;0.00;0.02;0.12;0.26;0.24;0.14
86.88;0.00;0.02;0.12;0.25;0.24;0.14
86.92;0.00;0.02;0.11;0.25;0.24;0.14
86.96;0.00;0.02;0.11;0.25;0.24;0.14
87.00;0.00;0.02;0.11;0.25;0.24;0.14
87.04;0.00;0.02;0.11;0.25;0.24;0.14
87.08;0.00;0.02;0.11;0.25;0.25;0.14
87.12;0.00;0.02;0.11;0.25;0.26;0.14
87.16;0.00;0.02;0.11;0.25;0.27;0.14
87.20;0.00;0.02;0.11;0.25;0.27;0.14
87.24;0.00;0.02;0.11;0.25;0.27;0.14
87.28;0.00;0.02;0.11;0.25;0.27;0.14
87.32;0.00;0.02;0.11;0.24;0.27;0.14
87.36;0.00;0.02;0.11;0.24;0.27;0.14
87.40;0.00;0.03;0.11;0.24;0.27;0.13
87.44;0.00;0.04;0.11;0.24;0.27;0.13
87.48;0.00;0.04;0.11;0.24;0.27;0.13
87.52;0.00;0.04;0.10;0.24;0.27;0.13
87.56;0.00;0.05;0.10;0.24;0.27;0.13
87.60;0.00;0.06;0.09;0.24;0.27;0.12
87.64;0.00;0.07;0.09;0.24;0.27;0.12
87.68;0.00;0.07;0.09;0.24;0.27;0.12
87.72;0.00;0.08;0.09;0.24;0.27;0.12
87.76;0.00;0.08;0.09;0.24;0.27;0.12
87.80;0.00;0.08;0.09;0.24;0.27;0.12
87.84;0.00;0.09;0.09;0.24;0.27;0.12
87.88;0.00;0.09;0.09;0.24;0.27;0.12
87.92;0.00;0.10;0.09;0.24;0.27;0.12
87.96;0.00;0.11;0.09;0.24;0.27;0.12
88.00;0.00;0.12;0.09;0.24;0.27;0.12
88.04;0.00;0.12;0.09;0.24;0.27;0.12
88.08;0.00;0.12;0.09;0.24;0.27;0.12
88.12;0.00;0.12;0.09;0.23;0.27;0.12
88.16;0.00;0.12;0.09;0.23;0.27;0.12
88.20;0.00;0.12;0.09;0.23;0.27;0.12
88.24;0.00;0.12;0.09;0.23;0.27;0.12
88.28;0.00;0.12;0.09;0.23;0.27;0.13
88.32;0.00;0.12;0.09;0.23;0.27;0.13
88.36;0.00;0.12;0.09;0.23;0.27;0.13
88.40;0.00;0.12;0.09;0.23;0.28;0.13
88.44;0.00;0.12;0.09;0.23;0.28;0.13
88.48;0.00;0.12;0.09;0.23;0.28;0.13
88.52;0.00;0.12;0.09;0.23;0.28;0.13
88.56;0.00;0.12;0.09;0.22;0.28;0.13
88.60;0.00;0.12;0.09;0.22;0.28;0.13
88.64;0.00;0.12;0.09;0.22;0.28;0.13
88.68;0.00;0.12;0.09;0.22;0.28;0.13
88.72;0.00;0.12;0.09;0.22;0.28;0.14
88.76;0.00;0.12;0.09;0.22;0.28;0.14
88.80;0.00;0.12;0.09;0.22;0.28;0.14
88.84;0.00;0.12;0.09;0.22;0.28;0.14
88.88;0.00;0.12;0.09;0.22;0.28;0.14
88.92;0.00;0.12;0.09;0.21;0.28;0.15
88.96;0.00;0.12;0.09;0.21;0.28;0.15
89.00;0.00;0.13;0.09;0.21;0.28;0.15
89.04;0.00;0.13;0.09;0.21;0.28;0.15
89.08;0.01;0.13;0.09;0.21;0.28;0.15
89.12;0.01;0.13;0.09;0.21;0.28;0.15
89.16;0.01;0.14;0.09;0.21;0.28;0.15
89.20;0.01;0.14;0.09;0.21;0.28;0.15
89.24;0.01;0.14;0.09;0.21;0.28;0.15
89.28;0.01;0.14;0.09;0.21;0.28;0.16
89.32;0.01;0.14;0.09;0.20;0.28;0.16
89.36;0.01;0.14;0.09;0.20;0.28;0.16
89.40;0.01;0.14;0.09;0.20;0.28;0.16
89.44;0.01;0.14;0.09;0.20;0.28;0.16
89.48;0.01;0.14;0.09;0.19;0.28;0.16
89.52;0.01;0.14;0.09;0.19;0.28;0.16
89.56;0.01;0.14;0.09;0.19;0.28;0.16
89.60;0.01;0.14;0.09;0.19;0.28;0.16
89.64;0.01;0.14;0.09;0.19;0.29;0.16
89.68;0.01;0.14;0.09;0.19;0.29;0.16
89.72;0.01;0.14;0.09;0.19;0.29;0.16
89.76;0.01;0.14;0.09;0.19;0.29;0.16
89.80;0.01;0.14;0.09;0.19;0.29;0.16
89.84;0.01;0.14;0.09;0.19;0.29;0.16
89.88;0.01;0.14;0.09;0.19;0.29;0.16
89.92;0.01;0.14;0.09;0.19;0.29;0.16
89.96;0.01;0.14;0.09;0.19;0.29;0.16
90.00;0.01;0.14;0.09;0.19;0.29;0.16
90.04;0.01;0.14;0.09;0.19;0.29;0.16
90.08;0.01;0.14;0.09;0.19;0.29;0.16
90.12;0.01;0.14;0.10;0.19;0.29;0.16
90.16;0.01;0.14;0.10;0.19;0.29;0.16
90.20;0.01;0.14;0.10;0.19;0.29;0.16
90.24;0.01;0.14;0.10;0.19;0.29;0.16
90.28;0.01;0.14;0.10;0.19;0.29;0.16
90.32;0.01;0.14;0.10;0.19;0.29;0.16
90.36;0.01;0.14;0.10;0.19;0.29;0.16
90.40;0.01;0.14;0.10;0.19;0.29;0.16
90.44;0.01;0.14;0.10;0.19;0.29;0.16
90.48;0.01;0.14;0.10;0.19;0.29;0.16
90.52;0.01;0.14;0.10;0.19;0.29;0.16
90.56;0.01;0.14;0.10;0.19;0.29;0.16
90.60;0.01;0.14;0.11;0.19;0.29;0.16
90.64;0.01;0.14;0.11;0.19;0.29;0.16
90.68;0.01;0.14;0.11;0.19;0.30;0.16
90.72;0.01;0.14;0.11;0.19;0.30;0.16
90.76;0.01;0.14;0.11;0.19;0.31;0.16
90.80;0.01;0.14;0.11;0.19;0.31;0.16
90.84;0.01;0.14;0.11;0.19;0.31;0.16
90.88;0.02;0.14;0.11;0.19;0.31;0.16
90.92;0.02;0.14;0.11;0.19;0.31;0.16
90.96;0.02;0.14;0.11;0.19;0.31;0.16
91.00;0.02;0.14;0.11;0.19;0.31;0.16
91.04;0.02;0.14;0.11;0.18;0.31;0.16
91.08;0.02;0.14;0.11;0.18;0.31;0.16
91.12;0.03;0.14;0.11;0.18;0.31;0.16
91.16;0.04;0.14;0.11;0.18;0.31;0.16
91.20;0.06;0.14;0.11;0.18;0.31;0.16
91.24;0.08;0.14;0.11;0.18;0.31;0.16
91.28;0.09;0.14;0.11;0.18;0.31;0.16
91.32;0.11;0.14;0.12;0.18;0.31;0.16
91.36;0.12;0.14;0.12;0.18;0.31;0.16
91.40;0.12;0.14;0.12;0.18;0.31;0.16
91.44;0.13;0.14;0.12;0.18;0.31;0.16
91.48;0.13;0.14;0.12;0.18;0.31;0.16
91.52;0.14;0.14;0.12;0.18;0.31;0.16
91.56;0.15;0.14;0.12;0.18;0.31;0.16
91.60;0.16;0.14;0.12;0.18;0.31;0.16
91.64;0.17;0.14;0.12;0.18;0.31;0.16
91.68;0.17;0.14;0.12;0.18;0.31;0.16
91.72;0.17;0.14;0.12;0.17;0.31;0.16
91.76;0.17;0.14;0.12;0.17;0.31;0.16
91.80;0.17;0.14;0.12;0.17;0.32;0.16
91.84;0.17;0.14;0.12;0.17;0.32;0.16
91.88;0.17;0.14;0.12;0.17;0.32;0.16
91.92;0.17;0.14;0.12;0.17;0.32;0.16
91.96;0.17;0.14;0.12;0.17;0.32;0.16
92.00;0.17;0.14;0.12;0.17;0.33;0.16
92.04;0.17;0.14;0.13;0.17;0.33;0.16
92.08;0.17;0.14;0.13;0.17;0.33;0.16
92.12;0.17;0.14;0.13;0.17;0.33;0.16
92.16;0.17;0.14;0.13;0.17;0.33;0.16
92.20;0.16;0.14;0.13;0.16;0.34;0.16
92.24;0.16;0.14;0.13;0.16;0.34;0.16
92.28;0.16;0.14;0.13;0.16;0.34;0.15
92.32;0.16;0.14;0.13;0.16;0.34;0.15
92.36;0.16;0.14;0.12;0.16;0.35;0.15
92.40;0.15;0.14;0.12;0.16;0.35;0.15
92.44;0.15;0.14;0.12;0.16;0.35;0.15
92.48;0.15;0.14;0.11;0.16;0.35;0.15
92.52;0.14;0.14;0.10;0.16;0.35;0.15
92.56;0.13;0.14;0.09;0.16;0.35;0.15
92.60;0.11;0.14;0.08;0.16;0.35;0.15
92.64;0.10;0.14;0.07;0.16;0.35;0.15
92.68;0.08;0.14;0.06;0.16;0.35;0.14
92.72;0.06;0.14;0.05;0.16;0.35;0.13
92.76;0.05;0.14;0.04;0.16;0.35;0.12
92.80;0.04;0.14;0.04;0.16;0.35;0.12
92.84;0.03;0.14;0.03;0.16;0.35;0.12
92.88;0.03;0.14;0.03;0.16;0.35;0.12
92.92;0.03;0.14;0.02;0.16;0.35;0.12
92.96;0.03;0.14;0.02;0.16;0.35;0.12
93.00;0.03;0.14;0.02;0.16;0.35;0.12
93.04;0.03;0.14;0.02;0.16;0.35;0.12
93.08;0.03;0.14;0.02;0.16;0.35;0.12
93.12;0.04;0.14;0.02;0.16;0.35;0.12
93.16;0.05;0.14;0.02;0.16;0.35;0.12
93.20;0.06;0.14;0.02;0.16;0.35;0.12
93.24;0.07;0.14;0.02;0.16;0.35;0.12
93.28;0.08;0.14;0.02;0.16;0.35;0.12
93.32;0.08;0.14;0.02;0.16;0.35;0.12
93.36;0.08;0.14;0.02;0.16;0.35;0.12
93.40;0.08;0.14;0.02;0.16;0.35;0.12
93.44;0.08;0.14;0.02;0.16;0.35;0.12
93.48;0.08;0.14;0.02;0.16;0.35;0.12
93.52;0.08;0.14;0.02;0.16;0.35;0.12
93.56;0.08;0.14;0.02;0.16;0.35;0.12
93.60;0.08;0.14;0.02;0.16;0.35;0.13
93.64;0.08;0.14;0.02;0.16;0.35;0.13
93.68;0.10;0.14;0.02;0.16;0.35;0.13
93.72;0.12;0.14;0.02;0.15;0.35;0.13
93.76;0.13;0.14;0.02;0.15;0.35;0.13
93.80;0.13;0.14;0.02;0.15;0.35;0.13
93.84;0.13;0.14;0.02;0.15;0.35;0.13
93.88;0.13;0.14;0.02;0.15;0.35;0.13
93.92;0.13;0.14;0.02;0.15;0.35;0.13
93.96;0.13;0.14;0.02;0.14;0.35;0.13
94.00;0.13;0.14;0.02;0.14;0.35;0.13
94.04;0.13;0.14;0.02;0.14;0.34;0.13
94.08;0.13;0.14;0.02;0.14;0.34;0.14
94.12;0.13;0.14;0.02;0.14;0.34;0.14
94.16;0.13;0.14;0.02;0.14;0.34;0.14
94.20;0.13;0.14;0.02;0.14;0.34;0.14
94.24;0.13;0.14;0.02;0.14;0.34;0.14
94.28;0.14;0.14;0.02;0.14;0.34;0.15
94.32;0.14;0.14;0.02;0.14;0.34;0.15
94.36;0.14;0.14;0.02;0.14;0.34;0.15
94.40;0.14;0.14;0.02;0.14;0.34;0.15
94.44;0.14;0.14;0.03;0.14;0.34;0.15
94.48;0.14;0.14;0.03;0.14;0.34;0.15
94.52;0.14;0.14;0.03;0.14;0.34;0.15
94.56;0.14;0.14;0.03;0.14;0.34;0.16
94.60;0.14;0.14;0.03;0.14;0.34;0.16
94.64;0.14;0.14;0.03;0.14;0.34;0.16
94.68;0.14;0.14;0.03;0.14;0.34;0.16
94.72;0.14;0.14;0.03;0.14;0.34;0.17
94.76;0.14;0.14;0.03;0.13;0.34;0.17
94.80;0.14;0.14;0.03;0.13;0.34;0.17
94.84;0.14;0.14;0.03;0.13;0.34;0.17
94.88;0.14;0.14;0.03;0.13;0.33;0.17
94.92;0.14;0.14;0.03;0.13;0.32;0.17
94.96;0.14;0.14;0.03;0.13;0.30;0.17
95.00;0.14;0.14;0.06;0.13;0.29;0.17
95.04;0.14;0.14;0.06;0.13;0.29;0.17
95.08;0.14;0.14;0.06;0.13;0.28;0.17
95.12;0.14;0.14;0.06;0.13;0.27;0.17
95.16;0.14;0.14;0.07;0.13;0.27;0.17
95.20;0.14;0.14;0.08;0.13;0.27;0.17
95.24;0.14;0.14;0.08;0.13;0.27;0.17
95.28;0.14;0.14;0.08;0.13;0.27;0.17
95.32;0.14;0.14;0.08;0.12;0.27;0.17
95.36;0.14;0.14;0.08;0.12;0.27;0.17
95.40;0.14;0.14;0.08;0.12;0.27;0.17
95.44;0.14;0.14;0.08;0.12;0.27;0.17
95.48;0.14;0.13;0.08;0.12;0.27;0.17
95.52;0.14;0.13;0.08;0.12;0.27;0.17
95.56;0.14;0.13;0.08;0.12;0.27;0.17
95.60;0.14;0.13;0.08;0.12;0.27;0.17
95.64;0.14;0.13;0.08;0.12;0.27;0.17
95.68;0.14;0.13;0.08;0.12;0.27;0.17
95.72;0.14;0.13;0.08;0.12;0.26;0.17
95.76;0.14;0.13;0.08;0.12;0.25;0.17
95.80;0.14;0.13;0.08;0.12;0.24;0.17
95.84;0.14;0.13;0.08;0.12;0.23;0.17
95.88;0.14;0.13;0.08;0.12;0.22;0.17
95.92;0.14;0.13;0.08;0.12;0.21;0.17
95.96;0.14;0.13;0.08;0.12;0.21;0.17
96.00;0.14;0.13;0.08;0.12;0.20;0.17
96.04;0.14;0.13;0.08;0.12;0.19;0.17
96.08;0.14;0.13;0.08;0.12;0.18;0.17
96.12;0.14;0.13;0.08;0.12;0.18;0.17
96.16;0.15;0.13;0.08;0.12;0.18;0.17
96.20;0.16;0.13;0.08;0.12;0.18;0.17
96.24;0.17;0.13;0.08;0.12;0.17;0.17
96.28;0.18;0.13;0.06;0.12;0.17;0.17
96.32;0.18;0.13;0.06;0.12;0.17;0.17
96.36;0.18;0.13;0.05;0.12;0.17;0.17
96.40;0.18;0.13;0.05;0.12;0.17;0.17
96.44;0.18;0.13;0.04;0.12;0.17;0.17
96.48;0.18;0.13;0.04;0.12;0.11;0.17
96.52;0.18;0.13;0.04;0.12;0.06;0.17
96.56;0.18;0.13;0.04;0.12;0.04;0.17
96.60;0.19;0.13;0.04;0.12;0.04;0.17
96.64;0.19;0.13;0.04;0.12;0.04;0.17
96.68;0.19;0.13;0.04;0.12;0.04;0.17
96.72;0.19;0.13;0.04;0.12;0.04;0.17
96.76;0.19;0.13;0.04;0.12;0.05;0.17
96.80;0.19;0.13;0.04;0.12;0.05;0.17
96.84;0.20;0.13;0.04;0.12;0.05;0.17
96.88;0.21;0.13;0.04;0.12;0.05;0.17
96.92;0.22;0.13;0.04;0.12;0.05;0.17
96.96;0.22;0.13;0.04;0.12;0.05;0.17
97.00;0.22;0.13;0.04;0.12;0.05;0.17
97.04;0.22;0.13;0.04;0.12;0.04;0.17
97.08;0.22;0.13;0.04;0.12;0.04;0.17
97.12;0.22;0.13;0.04;0.12;0.03;0.17
97.16;0.22;0.13;0.04;0.12;0.03;0.17
97.20;0.22;0.13;0.04;0.12;0.03;0.17
97.24;0.22;0.13;0.04;0.12;0.03;0.17
97.28;0.22;0.13;0.04;0.12;0.02;0.17
97.32;0.22;0.13;0.04;0.12;0.02;0.17
97.36;0.22;0.13;0.04;0.12;0.02;0.17
97.40;0.22;0.13;0.04;0.12;0.02;0.16
97.44;0.22;0.13;0.04;0.12;0.02;0.16
97.48;0.22;0.13;0.04;0.12;0.02;0.16
97.52;0.22;0.13;0.04;0.12;0.02;0.16
97.56;0.22;0.13;0.03;0.12;0.02;0.16
97.60;0.22;0.13;0.02;0.13;0.02;0.16
97.64;0.22;0.13;0.02;0.13;0.02;0.16
97.68;0.22;0.13;0.01;0.13;0.02;0.16
97.72;0.22;0.13;0.01;0.13;0.02;0.16
97.76;0.22;0.13;0.01;0.13;0.02;0.16
97.80;0.22;0.13;0.01;0.14;0.02;0.16
97.84;0.22;0.13;0.01;0.14;0.02;0.16
97.88;0.22;0.13;0.01;0.14;0.02;0.16
97.92;0.22;0.13;0.01;0.14;0.02;0.16
97.96;0.22;0.13;0.01;0.14;0.02;0.16
98.00;0.22;0.13;0.01;0.14;0.01;0.16
98.04;0.22;0.13;0.01;0.14;0.01;0.16
98.08;0.22;0.13;0.01;0.14;0.00;0.16
98.12;0.22;0.12;0.01;0.14;0.00;0.15
98.16;0.22;0.12;0.01;0.14;-0.01;0.15
98.20;0.22;0.12;0.01;0.14;-0.01;0.15
98.24;0.22;0.12;0.01;0.15;-0.01;0.15
98.28;0.22;0.12;0.01;0.15;-0.01;0.15
98.32;0.22;0.12;0.01;0.15;-0.01;0.15
98.36;0.22;0.12;0.01;0.15;-0.01;0.15
98.40;0.22;0.12;0.01;0.15;-0.01;0.14
98.44;0.22;0.12;0.01;0.15;-0.01;0.14
98.48;0.22;0.12;0.01;0.16;-0.01;0.14
98.52;0.22;0.12;0.01;0.16;-0.01;0.14
98.56;0.22;0.12;0.01;0.16;-0.01;0.14
98.60;0.22;0.12;0.01;0.16;-0.01;0.14
98.64;0.22;0.12;0.01;0.16;-0.01;0.14
98.68;0.22;0.12;0.01;0.16;-0.01;0.14
98.72;0.22;0.12;0.01;0.16;-0.01;0.14
98.76;0.22;0.12;0.01;0.16;-0.01;0.14
98.80;0.22;0.12;0.01;0.17;-0.01;0.14
98.84;0.22;0.12;0.01;0.17;-0.01;0.14
98.88;0.22;0.12;0.01;0.17;-0.02;0.14
98.92;0.22;0.12;0.00;0.17;-0.02;0.14
98.96;0.22;0.12;0.00;0.18;-0.03;0.14
99.00;0.22;0.12;0.00;0.18;-0.04;0.13
99.04;0.22;0.12;0.00;0.18;-0.04;0.13
99.08;0.22;0.12;0.00;0.18;-0.04;0.13
99.12;0.22;0.12;0.00;0.18;-0.04;0.13
99.16;0.22;0.12;0.00;0.18;-0.04;0.13
99.20;0.22;0.12;0.00;0.18;-0.04;0.13
99.24;0.22;0.12;0.00;0.18;-0.04;0.13
99.28;0.22;0.12;0.00;0.18;-0.04;0.13
99.32;0.22;0.12;0.00;0.19;-0.04;0.13
99.36;0.22;0.12;0.00;0.19;-0.04;0.13
99.40;0.22;0.12;0.00;0.19;-0.04;0.13
99.44;0.22;0.12;0.00;0.19;-0.04;0.13
99.48;0.22;0.12;0.00;0.19;-0.04;0.12
99.52;0.22;0.12;0.00;0.19;-0.04;0.12
99.56;0.22;0.12;0.00;0.20;-0.04;0.12
99.60;0.22;0.12;0.00;0.20;-0.04;0.12
99.64;0.21;0.12;0.00;0.20;-0.04;0.12
99.68;0.21;0.12;0.00;0.20;-0.04;0.12
99.72;0.21;0.12;0.00;0.20;-0.03;0.12
99.76;0.21;0.12;0.00;0.20;-0.00;0.12
99.80;0.21;0.12;0.00;0.20;0.02;0.12
99.84;0.21;0.12;0.00;0.21;0.03;0.12
99.88;0.21;0.12;0.00;0.21;0.04;0.12
99.92;0.21;0.12;0.00;0.21;0.05;0.12
99.96;0.21;0.12;0.00;0.21;0.05;0.12
100.00;0.21;0.12;0.00;0.21;0.05;0.12
100.04;0.21;0.12;0.00;0.21;0.05;0.12
100.08;0.21;0.12;0.00;0.21;0.05;0.12
100.12;0.21;0.12;0.00;0.21;0.05;0.12
100.16;0.21;0.12;0.00;0.21;0.05;0.12
100.20;0.21;0.12;0.00;0.21;0.05;0.12
100.24;0.21;0.12;0.00;0.21;0.07;0.12
100.28;0.21;0.12;0.00;0.21;0.11;0.12
100.32;0.21;0.12;0.00;0.21;0.14;0.12
100.36;0.21;0.12;0.00;0.22;0.15;0.12
100.40;0.21;0.11;0.00;0.22;0.18;0.12
100.44;0.21;0.11;0.00;0.22;0.19;0.12
100.48;0.21;0.11;0.00;0.22;0.18;0.12
100.52;0.21;0.11;0.00;0.22;0.16;0.12
100.56;0.21;0.11;0.00;0.22;0.16;0.12
100.60;0.21;0.11;0.00;0.22;0.16;0.12
100.64;0.21;0.11;0.00;0.22;0.16;0.12
100.68;0.21;0.11;0.00;0.22;0.17;0.12
100.72;0.21;0.11;0.00;0.22;0.22;0.12
100.76;0.21;0.11;0.00;0.22;0.27;0.12
100.80;0.20;0.11;0.00;0.22;0.29;0.12
100.84;0.20;0.11;0.00;0.22;0.32;0.12
100.88;0.20;0.11;0.00;0.22;0.34;0.12
100.92;0.20;0.11;0.00;0.23;0.34;0.12
100.96;0.20;0.11;0.00;0.23;0.34;0.12
101.00;0.20;0.11;0.00;0.23;0.34;0.12
101.04;0.20;0.11;0.00;0.23;0.34;0.12
101.08;0.20;0.11;0.00;0.23;0.34;0.12
101.12;0.20;0.11;0.00;0.23;0.34;0.12
101.16;0.20;0.11;0.00;0.23;0.36;0.12
101.20;0.20;0.11;0.00;0.23;0.38;0.12
101.24;0.20;0.11;0.00;0.23;0.38;0.12
101.28;0.20;0.11;0.00;0.23;0.38;0.12
101.32;0.20;0.11;0.00;0.23;0.38;0.12
101.36;0.20;0.11;0.00;0.23;0.38;0.12
101.40;0.16;0.11;0.00;0.23;0.38;0.12
101.44;0.15;0.11;0.00;0.22;0.39;0.12
101.48;0.14;0.11;0.00;0.22;0.39;0.12
101.52;0.14;0.11;0.00;0.22;0.39;0.12
101.56;0.13;0.11;0.00;0.22;0.39;0.12
101.60;0.12;0.11;0.00;0.22;0.39;0.12
101.64;0.10;0.11;0.00;0.22;0.39;0.12
101.68;0.08;0.11;0.00;0.22;0.42;0.12
101.72;0.07;0.11;0.00;0.22;0.43;0.12
101.76;0.06;0.11;0.00;0.23;0.43;0.12
101.80;0.05;0.11;0.00;0.23;0.43;0.12
101.84;0.05;0.11;0.00;0.23;0.43;0.12
101.88;0.03;0.11;0.00;0.23;0.43;0.12
101.92;0.02;0.11;0.00;0.23;0.43;0.12
101.96;0.02;0.10;0.00;0.23;0.43;0.12
102.00;0.02;0.10;0.00;0.23;0.43;0.12
102.04;0.01;0.10;0.00;0.23;0.43;0.12
102.08;0.01;0.09;0.00;0.23;0.43;0.12
102.12;0.01;0.09;0.00;0.23;0.42;0.12
102.16;0.01;0.08;0.00;0.23;0.42;0.12
102.20;0.01;0.08;0.00;0.23;0.42;0.12
102.24;0.01;0.07;-0.01;0.23;0.42;0.12
102.28;0.01;0.07;-0.01;0.24;0.42;0.12
102.32;0.01;0.07;-0.01;0.24;0.42;0.12
102.36;0.01;0.07;-0.02;0.24;0.42;0.12
102.40;0.01;0.07;-0.02;0.25;0.42;0.12
102.44;0.00;0.07;-0.02;0.26;0.42;0.12
102.48;0.00;0.07;-0.03;0.29;0.42;0.12
102.52;0.00;0.07;-0.03;0.28;0.42;0.12
102.56;0.00;0.07;-0.03;0.28;0.42;0.12
102.60;0.00;0.07;-0.03;0.28;0.42;0.12
102.64;0.00;0.07;-0.03;0.28;0.41;0.12
102.68;0.00;0.07;-0.03;0.28;0.41;0.12
102.72;0.00;0.07;-0.03;0.28;0.41;0.12
102.76;0.00;0.07;-0.03;0.28;0.40;0.12
102.80;0.00;0.07;-0.02;0.28;0.39;0.12
102.84;-0.00;0.07;-0.02;0.28;0.39;0.12
102.88;-0.00;0.07;-0.02;0.28;0.38;0.12
102.92;-0.00;0.07;-0.02;0.28;0.38;0.12
102.96;-0.00;0.07;-0.02;0.28;0.38;0.12
103.00;-0.00;0.07;-0.02;0.28;0.38;0.12
103.04;-0.00;0.06;-0.02;0.28;0.38;0.12
103.08;-0.00;0.06;-0.02;0.28;0.38;0.12
103.12;-0.00;0.06;-0.01;0.28;0.38;0.12
103.16;-0.00;0.05;0.00;0.28;0.38;0.12
103.20;-0.00;0.05;0.00;0.28;0.38;0.12
103.24;-0.00;0.05;0.00;0.28;0.38;0.13
103.28;-0.00;0.05;0.00;0.28;0.38;0.13
103.32;-0.00;0.04;0.00;0.28;0.38;0.13
103.36;-0.00;0.04;0.00;0.28;0.38;0.13
103.40;-0.00;0.04;0.00;0.28;0.38;0.13
103.44;-0.00;0.04;0.00;0.28;0.38;0.13
103.48;-0.00;0.03;0.00;0.28;0.38;0.13
103.52;-0.00;0.03;0.00;0.28;0.38;0.13
103.56;-0.00;0.03;0.00;0.28;0.38;0.13
103.60;-0.00;0.03;0.00;0.28;0.38;0.13
103.64;-0.00;0.03;0.00;0.28;0.38;0.13
103.68;-0.00;0.03;0.00;0.27;0.38;0.13
103.72;-0.00;0.02;0.00;0.27;0.38;0.13
103.76;-0.00;0.02;0.00;0.27;0.38;0.13
103.80;-0.00;0.02;0.00;0.27;0.38;0.13
103.84;-0.00;0.02;0.00;0.27;0.37;0.13
103.88;-0.00;0.02;0.00;0.27;0.37;0.13
103.92;-0.00;0.02;0.00;0.27;0.37;0.13
103.96;-0.00;0.02;0.00;0.27;0.37;0.13
104.00;-0.00;0.02;0.00;0.27;0.37;0.13
104.04;-0.00;0.02;0.00;0.27;0.37;0.13
104.08;-0.00;0.02;0.00;0.27;0.37;0.13
104.12;-0.00;0.02;0.00;0.27;0.37;0.13
104.16;-0.00;0.02;0.00;0.27;0.35;0.13
104.20;-0.00;0.02;0.00;0.27;0.34;0.13
104.24;-0.00;0.02;0.00;0.27;0.34;0.13
104.28;-0.00;0.02;0.00;0.27;0.34;0.13
104.32;-0.00;0.02;0.00;0.27;0.34;0.13
104.36;-0.00;0.02;0.00;0.27;0.33;0.13
104.40;-0.00;0.02;0.00;0.27;0.33;0.13
104.44;-0.00;0.02;0.00;0.27;0.32;0.13
104.48;-0.00;0.02;0.00;0.27;0.32;0.13
104.52;-0.00;0.02;0.00;0.27;0.32;0.13
104.56;-0.00;0.02;0.00;0.27;0.31;0.13
104.60;-0.00;0.02;0.00;0.27;0.28;0.13
104.64;-0.00;0.02;0.00;0.27;0.25;0.13
104.68;-0.00;0.02;0.00;0.27;0.23;0.13
104.72;-0.00;0.02;0.00;0.27;0.21;0.13
104.76;-0.00;0.02;0.00;0.27;0.21;0.13
104.80;-0.00;0.02;0.00;0.27;0.20;0.13
104.84;-0.00;0.02;0.00;0.27;0.20;0.13
104.88;-0.00;0.02;0.00;0.27;0.20;0.13
104.92;-0.00;0.02;0.00;0.27;0.20;0.13
104.96;-0.00;0.02;0.00;0.27;0.20;0.13
105.00;-0.00;0.02;0.00;0.27;0.19;0.13
105.04;-0.00;0.02;0.00;0.27;0.19;0.13
105.08;-0.00;0.02;0.00;0.28;0.18;0.13
105.12;-0.00;0.02;0.00;0.28;0.15;0.13
105.16;-0.00;0.02;0.00;0.28;0.12;0.13
105.20;-0.00;0.02;0.00;0.28;0.11;0.13
105.24;-0.00;0.02;0.00;0.28;0.10;0.13
105.28;-0.00;0.02;0.00;0.28;0.10;0.13
105.32;-0.00;0.02;0.00;0.28;0.10;0.13
105.36;-0.00;0.02;0.00;0.28;0.10;0.13
105.40;-0.00;0.02;0.00;0.28;0.10;0.13
105.44;-0.00;0.02;0.00;0.28;0.10;0.13
105.48;-0.00;0.02;0.00;0.28;0.10;0.13
105.52;-0.00;0.02;0.00;0.28;0.10;0.13
105.56;-0.00;0.02;0.00;0.28;0.10;0.13
105.60;-0.00;0.02;0.00;0.28;0.10;0.13
105.64;-0.00;0.02;0.00;0.28;0.10;0.13
105.68;-0.00;0.02;0.00;0.28;0.10;0.13
105.72;-0.00;0.02;0.00;0.28;0.10;0.13
105.76;-0.00;0.02;0.00;0.28;0.10;0.13
105.80;-0.00;0.02;0.00;0.28;0.10;0.13
105.84;-0.00;0.02;0.00;0.28;0.10;0.13
105.88;-0.00;0.02;0.00;0.28;0.10;0.13
105.92;-0.00;0.02;0.00;0.28;0.12;0.13
105.96;-0.00;0.02;0.01;0.28;0.15;0.13
106.00;-0.00;0.02;0.02;0.28;0.15;0.13
106.04;-0.00;0.02;0.02;0.28;0.15;0.13
106.08;-0.00;0.02;0.03;0.28;0.15;0.13
106.12;-0.00;0.02;0.03;0.28;0.15;0.13
106.16;-0.00;0.02;0.03;0.28;0.15;0.13
106.20;-0.00;0.02;0.04;0.28;0.14;0.13
106.24;-0.00;0.02;0.04;0.28;0.14;0.13
106.28;-0.00;0.02;0.05;0.28;0.13;0.13
106.32;-0.00;0.02;0.05;0.28;0.12;0.13
106.36;-0.00;0.02;0.05;0.28;0.12;0.13
106.40;-0.00;0.03;0.05;0.28;0.10;0.13
106.44;-0.00;0.03;0.05;0.28;0.09;0.13
106.48;-0.00;0.03;0.05;0.28;0.08;0.13
106.52;-0.00;0.04;0.05;0.28;0.07;0.13
106.56;-0.00;0.04;0.06;0.28;0.05;0.13
106.60;-0.00;0.05;0.06;0.28;0.05;0.13
106.64;-0.00;0.05;0.07;0.28;0.05;0.13
106.68;-0.00;0.05;0.07;0.28;0.05;0.13
106.72;-0.00;0.05;0.07;0.28;0.05;0.13
106.76;-0.00;0.05;0.07;0.28;0.05;0.13
106.80;-0.00;0.05;0.08;0.28;0.05;0.13
106.84;-0.00;0.05;0.08;0.28;0.05;0.13
106.88;-0.00;0.06;0.08;0.28;0.05;0.13
106.92;-0.00;0.06;0.08;0.28;0.04;0.13
106.96;-0.00;0.06;0.08;0.28;0.04;0.13
107.00;-0.00;0.06;0.08;0.28;0.04;0.13
107.04;-0.00;0.06;0.08;0.28;0.03;0.13
107.08;-0.00;0.06;0.08;0.28;0.02;0.13
107.12;-0.00;0.06;0.08;0.28;0.02;0.13
107.16;-0.00;0.06;0.08;0.28;0.02;0.13
107.20;-0.00;0.07;0.08;0.28;0.02;0.13
107.24;-0.00;0.07;0.08;0.28;0.02;0.13
107.28;-0.00;0.07;0.08;0.28;0.02;0.13
107.32;-0.00;0.07;0.09;0.28;0.02;0.13
107.36;-0.00;0.07;0.09;0.28;0.03;0.13
107.40;-0.01;0.07;0.09;0.28;0.03;0.12
107.44;-0.02;0.07;0.09;0.28;0.04;0.12
107.48;-0.03;0.07;0.09;0.28;0.04;0.12
107.52;-0.03;0.07;0.09;0.28;0.05;0.12
107.56;-0.03;0.07;0.09;0.28;0.05;0.12
107.60;-0.03;0.07;0.09;0.28;0.05;0.12
107.64;-0.04;0.07;0.09;0.28;0.05;0.12
107.68;-0.05;0.07;0.09;0.28;0.05;0.12
107.72;-0.05;0.07;0.09;0.28;0.05;0.12
107.76;-0.05;0.07;0.09;0.29;0.05;0.12
107.80;-0.06;0.07;0.09;0.29;0.05;0.12
107.84;-0.06;0.07;0.09;0.29;0.05;0.12
107.88;-0.06;0.07;0.09;0.29;0.05;0.12
107.92;-0.06;0.07;0.09;0.29;0.05;0.12
107.96;-0.06;0.07;0.09;0.29;0.05;0.12
108.00;-0.06;0.07;0.09;0.29;0.04;0.12
108.04;-0.07;0.07;0.09;0.29;0.04;0.12
108.08;-0.07;0.07;0.09;0.29;0.04;0.12
108.12;-0.07;0.07;0.09;0.30;0.03;0.12
108.16;-0.07;0.07;0.09;0.30;0.02;0.12
108.20;-0.07;0.07;0.10;0.30;0.02;0.12
108.24;-0.07;0.07;0.10;0.30;0.01;0.12
108.28;-0.07;0.07;0.10;0.30;-0.00;0.12
108.32;-0.07;0.07;0.10;0.30;-0.01;0.12
108.36;-0.07;0.07;0.10;0.30;-0.02;0.12
108.40;-0.07;0.07;0.11;0.30;-0.02;0.12
108.44;-0.07;0.07;0.11;0.30;-0.02;0.12
108.48;-0.07;0.07;0.11;0.30;-0.02;0.12
108.52;-0.07;0.07;0.11;0.30;-0.02;0.12
108.56;-0.07;0.07;0.11;0.30;-0.02;0.12
108.60;-0.07;0.07;0.11;0.30;-0.02;0.12
108.64;-0.07;0.07;0.11;0.30;-0.02;0.12
108.68;-0.07;0.07;0.11;0.30;-0.02;0.12
108.72;-0.07;0.07;0.11;0.30;-0.02;0.12
108.76;-0.07;0.07;0.11;0.30;-0.02;0.12
108.80;-0.07;0.07;0.11;0.30;-0.02;0.12
108.84;-0.07;0.07;0.11;0.30;-0.02;0.12
108.88;-0.07;0.07;0.11;0.30;-0.02;0.12
108.92;-0.07;0.07;0.11;0.30;-0.02;0.12
108.96;-0.06;0.07;0.11;0.31;-0.01;0.12
109.00;-0.06;0.07;0.11;0.31;-0.01;0.12
109.04;-0.06;0.07;0.11;0.31;-0.01;0.12
109.08;-0.06;0.07;0.11;0.31;-0.01;0.12
109.12;-0.06;0.07;0.11;0.31;-0.01;0.12
109.16;-0.06;0.07;0.11;0.31;-0.00;0.12
109.20;-0.06;0.07;0.11;0.31;0.01;0.12
109.24;-0.05;0.07;0.11;0.31;0.01;0.12
109.28;-0.04;0.07;0.11;0.31;0.02;0.12
109.32;-0.03;0.07;0.11;0.31;0.03;0.12
109.36;-0.01;0.07;0.11;0.31;0.04;0.12
109.40;0.01;0.07;0.11;0.31;0.04;0.12
109.44;0.03;0.07;0.11;0.31;0.04;0.12
109.48;0.06;0.07;0.11;0.31;0.04;0.12
109.52;0.09;0.07;0.10;0.31;0.04;0.12
109.56;0.11;0.07;0.09;0.31;0.04;0.12
109.60;0.12;0.07;0.08;0.32;0.04;0.12
109.64;0.12;0.07;0.08;0.32;0.04;0.12
109.68;0.12;0.07;0.08;0.32;0.04;0.12
109.72;0.13;0.07;0.08;0.32;0.04;0.12
109.76;0.14;0.07;0.07;0.32;0.04;0.12
109.80;0.15;0.07;0.07;0.32;0.04;0.12
109.84;0.15;0.07;0.07;0.32;0.05;0.12
109.88;0.15;0.07;0.07;0.32;0.06;0.12
109.92;0.15;0.07;0.07;0.32;0.07;0.12
109.96;0.15;0.07;0.06;0.32;0.07;0.12
110.00;0.15;0.07;0.06;0.33;0.07;0.12
110.04;0.15;0.07;0.06;0.33;0.07;0.12
110.08;0.15;0.07;0.06;0.33;0.07;0.12
110.12;0.15;0.07;0.05;0.33;0.07;0.12
110.16;0.15;0.07;0.05;0.33;0.07;0.12
110.20;0.15;0.07;0.05;0.33;0.07;0.12
110.24;0.15;0.07;0.05;0.33;0.06;0.12
110.28;0.15;0.07;0.05;0.33;0.06;0.12
110.32;0.15;0.07;0.04;0.33;0.06;0.12
110.36;0.15;0.07;0.04;0.33;0.06;0.12
110.40;0.15;0.07;0.04;0.33;0.06;0.12
110.44;0.15;0.07;0.04;0.33;0.06;0.12
110.48;0.15;0.07;0.04;0.32;0.06;0.12
110.52;0.15;0.07;0.04;0.32;0.06;0.12
110.56;0.15;0.07;0.03;0.32;0.06;0.12
110.60;0.15;0.07;0.03;0.32;0.06;0.12
110.64;0.15;0.07;0.03;0.32;0.05;0.12
110.68;0.15;0.07;0.03;0.32;0.03;0.12
110.72;0.15;0.07;0.03;0.32;0.01;0.12
110.76;0.15;0.07;0.03;0.32;0.01;0.12
110.80;0.15;0.07;0.03;0.32;0.01;0.12
110.84;0.15;0.07;0.03;0.31;0.01;0.12
110.88;0.15;0.07;0.02;0.31;0.01;0.12
110.92;0.16;0.07;0.02;0.31;0.00;0.12
110.96;0.16;0.07;0.02;0.31;0.00;0.12
111.00;0.16;0.07;0.02;0.31;0.00;0.12
111.04;0.16;0.07;0.02;0.31;0.00;0.12
111.08;0.17;0.07;0.02;0.31;0.00;0.12
111.12;0.17;0.07;0.02;0.31;0.00;0.12
111.16;0.17;0.07;0.02;0.31;0.00;0.12
111.20;0.17;0.07;0.02;0.31;0.00;0.12
111.24;0.17;0.07;0.02;0.31;0.00;0.12
111.28;0.17;0.07;0.02;0.31;-0.00;0.12
111.32;0.17;0.07;0.02;0.31;-0.01;0.12
111.36;0.17;0.07;0.02;0.31;-0.01;0.12
111.40;0.17;0.07;0.02;0.31;-0.02;0.12
111.44;0.17;0.07;0.02;0.31;-0.03;0.12
111.48;0.17;0.07;0.02;0.31;-0.04;0.12
111.52;0.17;0.07;0.02;0.31;-0.05;0.12
111.56;0.17;0.07;0.02;0.31;-0.05;0.12
111.60;0.17;0.07;0.02;0.30;-0.05;0.12
111.64;0.17;0.07;0.02;0.30;-0.05;0.12
111.68;0.17;0.07;0.02;0.30;-0.05;0.12
111.72;0.17;0.07;0.02;0.30;-0.05;0.12
111.76;0.17;0.07;0.02;0.30;-0.05;0.12
111.80;0.17;0.07;0.02;0.30;-0.05;0.12
111.84;0.17;0.07;0.02;0.30;-0.05;0.12
111.88;0.17;0.07;0.02;0.30;-0.05;0.12
111.92;0.17;0.07;0.02;0.30;-0.05;0.12
111.96;0.17;0.07;0.01;0.30;-0.05;0.12
112.00;0.17;0.07;0.01;0.30;-0.05;0.12
112.04;0.17;0.07;0.00;0.30;-0.05;0.12
112.08;0.17;0.07;0.00;0.30;-0.05;0.12
112.12;0.17;0.07;-0.01;0.30;-0.05;0.12
112.16;0.17;0.07;-0.01;0.30;-0.05;0.12
112.20;0.17;0.07;-0.01;0.30;-0.05;0.12
112.24;0.17;0.07;-0.02;0.30;-0.05;0.12
112.28;0.17;0.07;-0.02;0.30;-0.05;0.12
112.32;0.17;0.07;-0.02;0.30;-0.05;0.12
112.36;0.17;0.07;-0.02;0.30;-0.05;0.12
112.40;0.17;0.07;-0.02;0.30;-0.05;0.12
112.44;0.17;0.07;-0.02;0.30;-0.05;0.12
112.48;0.17;0.06;-0.02;0.29;-0.05;0.12
112.52;0.17;0.06;-0.02;0.29;-0.05;0.12
112.56;0.17;0.06;-0.02;0.29;-0.05;0.12
112.60;0.17;0.06;-0.02;0.29;-0.05;0.12
112.64;0.17;0.06;-0.02;0.29;-0.05;0.12
112.68;0.17;0.06;-0.02;0.29;-0.05;0.12
112.72;0.17;0.06;-0.02;0.29;-0.05;0.12
112.76;0.17;0.06;-0.02;0.29;-0.05;0.12
112.80;0.17;0.06;-0.02;0.29;-0.06;0.12
112.84;0.17;0.06;-0.02;0.29;-0.06;0.12
112.88;0.17;0.06;-0.02;0.29;-0.07;0.12
112.92;0.17;0.06;-0.02;0.29;-0.08;0.12
112.96;0.17;0.06;-0.02;0.29;-0.09;0.12
113.00;0.17;0.06;-0.02;0.29;-0.09;0.12
113.04;0.17;0.06;-0.02;0.29;-0.09;0.12
113.08;0.17;0.06;-0.02;0.29;-0.09;0.12
113.12;0.17;0.06;-0.02;0.29;-0.09;0.12
113.16;0.17;0.06;-0.02;0.29;-0.09;0.12
113.20;0.17;0.06;-0.02;0.29;-0.09;0.12
113.24;0.17;0.06;-0.02;0.29;-0.09;0.12
113.28;0.17;0.06;-0.02;0.29;-0.09;0.12
113.32;0.17;0.06;-0.02;0.29;-0.09;0.12
113.36;0.17;0.06;-0.02;0.29;-0.09;0.12
113.40;0.17;0.06;-0.02;0.29;-0.09;0.12
113.44;0.17;0.06;-0.02;0.29;-0.09;0.12
113.48;0.17;0.06;-0.02;0.29;-0.09;0.12
113.52;0.17;0.06;-0.02;0.29;-0.09;0.12
113.56;0.17;0.06;-0.02;0.29;-0.09;0.12
113.60;0.17;0.06;-0.02;0.29;-0.09;0.12
113.64;0.17;0.06;-0.02;0.29;-0.09;0.12
113.68;0.17;0.06;-0.02;0.29;-0.09;0.12
113.72;0.17;0.06;-0.02;0.29;-0.09;0.12
113.76;0.17;0.06;-0.02;0.29;-0.09;0.12
113.80;0.17;0.06;-0.02;0.29;-0.09;0.12
113.84;0.17;0.06;-0.02;0.29;-0.10;0.12
113.88;0.17;0.06;-0.02;0.29;-0.10;0.12
113.92;0.17;0.06;-0.02;0.29;-0.10;0.12
113.96;0.17;0.06;-0.02;0.29;-0.10;0.12
114.00;0.17;0.06;-0.02;0.29;-0.10;0.12
114.04;0.17;0.06;-0.02;0.29;-0.10;0.12
114.08;0.17;0.06;-0.02;0.29;-0.11;0.12
114.12;0.17;0.06;-0.02;0.29;-0.11;0.12
114.16;0.17;0.06;-0.02;0.29;-0.12;0.12
114.20;0.17;0.06;-0.02;0.29;-0.14;0.12
114.24;0.17;0.06;-0.02;0.28;-0.14;0.12
114.28;0.17;0.06;-0.02;0.28;-0.14;0.12
114.32;0.17;0.06;-0.02;0.28;-0.14;0.12
114.36;0.17;0.06;-0.02;0.28;-0.14;0.12
114.40;0.17;0.06;-0.02;0.28;-0.14;0.12
114.44;0.17;0.06;-0.02;0.28;-0.14;0.12
114.48;0.17;0.06;-0.02;0.28;-0.14;0.12
114.52;0.17;0.06;-0.02;0.28;-0.14;0.12
114.56;0.17;0.06;-0.02;0.28;-0.14;0.12
114.60;0.17;0.06;-0.02;0.28;-0.14;0.12
114.64;0.17;0.06;-0.02;0.28;-0.14;0.12
114.68;0.17;0.06;-0.02;0.28;-0.14;0.12
114.72;0.17;0.06;-0.02;0.28;-0.14;0.12
114.76;0.17;0.06;-0.02;0.28;-0.14;0.12
114.80;0.17;0.06;-0.02;0.28;-0.14;0.12
114.84;0.17;0.06;-0.02;0.28;-0.10;0.12
114.88;0.17;0.06;-0.02;0.28;-0.07;0.12
114.92;0.17;0.06;-0.02;0.28;-0.06;0.12
114.96;0.17;0.06;-0.02;0.28;-0.05;0.12
115.00;0.17;0.06;-0.02;0.28;-0.03;0.12
115.04;0.17;0.06;-0.01;0.28;-0.03;0.12
115.08;0.17;0.06;-0.01;0.28;-0.03;0.12
115.12;0.17;0.06;0.00;0.28;-0.03;0.12
115.16;0.17;0.06;0.00;0.28;-0.03;0.12
115.20;0.17;0.06;0.01;0.28;-0.03;0.12
115.24;0.17;0.06;0.01;0.28;-0.03;0.12
115.28;0.17;0.06;0.01;0.28;-0.03;0.12
115.32;0.17;0.06;0.01;0.28;-0.02;0.12
115.36;0.17;0.06;0.01;0.28;-0.02;0.12
115.40;0.17;0.06;0.01;0.28;-0.01;0.12
115.44;0.17;0.06;0.01;0.28;0.00;0.12
115.48;0.17;0.06;0.01;0.28;0.01;0.12
115.52;0.17;0.06;0.01;0.28;0.02;0.12
115.56;0.17;0.06;0.01;0.28;0.03;0.12
115.60;0.17;0.06;0.01;0.27;0.04;0.12
115.64;0.17;0.06;0.01;0.26;0.05;0.12
115.68;0.17;0.06;0.01;0.25;0.05;0.12
115.72;0.15;0.06;0.01;0.24;0.05;0.12
115.76;0.13;0.06;0.01;0.24;0.05;0.12
115.80;0.13;0.06;0.01;0.23;0.05;0.12
115.84;0.12;0.06;0.01;0.23;0.05;0.12
115.88;0.11;0.06;0.01;0.21;0.05;0.12
115.92;0.11;0.06;0.01;0.20;0.05;0.12
115.96;0.11;0.06;0.01;0.18;0.05;0.12
116.00;0.10;0.06;0.01;0.18;0.05;0.12
116.04;0.09;0.06;0.01;0.17;0.05;0.12
116.08;0.08;0.06;0.01;0.17;0.05;0.12
116.12;0.08;0.06;0.01;0.17;0.05;0.12
116.16;0.07;0.06;0.01;0.16;0.06;0.12
116.20;0.07;0.06;0.01;0.15;0.06;0.12
116.24;0.06;0.06;0.01;0.15;0.06;0.12
116.28;0.06;0.06;0.01;0.15;0.06;0.12
116.32;0.05;0.06;0.01;0.15;0.06;0.12
116.36;0.04;0.06;0.01;0.15;0.06;0.12
116.40;0.03;0.06;0.01;0.15;0.07;0.12
116.44;0.02;0.06;0.01;0.15;0.08;0.12
116.48;0.01;0.06;0.01;0.15;0.08;0.12
116.52;0.01;0.06;0.01;0.15;0.09;0.12
116.56;0.00;0.06;0.01;0.15;0.09;0.12
116.60;0.00;0.06;0.01;0.15;0.09;0.12
116.64;0.00;0.06;0.01;0.15;0.09;0.12
116.68;0.00;0.06;0.01;0.15;0.09;0.12
116.72;0.00;0.06;0.01;0.15;0.09;0.12
116.76;0.00;0.06;0.01;0.15;0.09;0.12
116.80;0.00;0.06;0.01;0.15;0.09;0.12
116.84;0.00;0.06;0.01;0.15;0.09;0.12
116.88;0.00;0.06;0.01;0.15;0.09;0.12
116.92;0.00;0.06;0.01;0.15;0.09;0.12
116.96;0.00;0.06;0.01;0.15;0.10;0.12
117.00;0.00;0.06;0.01;0.15;0.10;0.12
117.04;0.00;0.06;0.01;0.14;0.10;0.12
117.08;0.00;0.06;0.01;0.14;0.10;0.12
117.12;0.00;0.06;0.01;0.14;0.11;0.12
117.16;0.00;0.06;0.01;0.14;0.11;0.12
117.20;0.00;0.06;0.01;0.14;0.11;0.12
117.24;0.00;0.06;0.01;0.13;0.11;0.12
117.28;0.00;0.06;0.01;0.13;0.11;0.12
117.32;0.00;0.06;0.01;0.12;0.11;0.12
117.36;0.00;0.06;0.01;0.12;0.11;0.12
117.40;0.00;0.06;0.01;0.11;0.11;0.12
117.44;0.00;0.06;0.01;0.11;0.11;0.12
117.48;0.00;0.06;0.01;0.10;0.11;0.12
117.52;0.00;0.06;0.01;0.09;0.11;0.12
117.56;0.00;0.06;0.01;0.09;0.11;0.12
117.60;0.00;0.06;0.01;0.08;0.11;0.12
117.64;0.00;0.06;0.01;0.08;0.11;0.12
117.68;0.00;0.06;0.01;0.08;0.11;0.12
117.72;0.00;0.05;0.01;0.08;0.11;0.12
117.76;0.00;0.05;0.01;0.08;0.11;0.12
117.80;0.00;0.05;0.01;0.08;0.11;0.12
117.84;0.00;0.04;0.01;0.08;0.11;0.12
117.88;0.00;0.04;0.01;0.08;0.11;0.12
117.92;0.00;0.04;0.01;0.08;0.11;0.12
117.96;0.00;0.04;0.01;0.08;0.11;0.12
118.00;0.00;0.04;0.01;0.08;0.11;0.12
118.04;0.00;0.04;0.01;0.08;0.11;0.12
118.08;0.00;0.04;0.01;0.08;0.11;0.12
118.12;0.00;0.04;0.01;0.08;0.11;0.12
118.16;0.00;0.03;0.01;0.08;0.11;0.12
118.20;0.00;0.03;0.01;0.08;0.11;0.12
118.24;0.00;0.03;0.01;0.08;0.11;0.12
118.28;0.00;0.03;0.01;0.08;0.11;0.12
118.32;0.00;0.03;0.01;0.08;0.11;0.12
118.36;0.00;0.03;0.01;0.08;0.11;0.12
118.40;0.00;0.03;0.01;0.08;0.11;0.12
118.44;0.00;0.03;0.01;0.08;0.11;0.12
118.48;0.00;0.03;0.00;0.08;0.11;0.12
118.52;0.00;0.03;-0.01;0.07;0.11;0.12
118.56;0.00;0.02;-0.01;0.07;0.11;0.12
118.60;0.00;0.02;-0.01;0.07;0.11;0.12
118.64;0.00;0.02;-0.01;0.07;0.11;0.12
118.68;0.00;0.02;-0.01;0.07;0.11;0.12
118.72;0.00;0.02;-0.01;0.07;0.11;0.12
118.76;0.00;0.02;-0.01;0.07;0.11;0.12
118.80;0.00;0.02;-0.01;0.07;0.11;0.12
118.84;0.00;0.02;-0.01;0.07;0.11;0.12
118.88;0.00;0.02;-0.01;0.07;0.11;0.12
118.92;0.00;0.02;-0.01;0.07;0.11;0.12
118.96;0.00;0.02;-0.01;0.07;0.11;0.12
119.00;0.00;0.02;-0.01;0.07;0.11;0.12
119.04;0.00;0.02;-0.01;0.07;0.11;0.12
119.08;0.00;0.02;-0.01;0.07;0.11;0.12
119.12;0.00;0.02;-0.01;0.07;0.11;0.12
119.16;0.00;0.02;-0.01;0.07;0.11;0.12
119.20;0.00;0.02;-0.01;0.07;0.11;0.12
119.24;0.00;0.02;-0.01;0.07;0.11;0.12
119.28;0.00;0.02;-0.01;0.07;0.11;0.12
119.32;0.00;0.02;-0.01;0.07;0.10;0.12
119.36;0.00;0.02;-0.01;0.06;0.08;0.12
119.40;0.00;0.02;-0.01;0.06;0.07;0.12
119.44;0.00;0.02;-0.01;0.06;0.07;0.12
119.48;0.00;0.02;-0.01;0.06;0.07;0.11
119.52;0.00;0.02;-0.01;0.06;0.07;0.11
119.56;0.00;0.02;-0.01;0.06;0.07;0.11
119.60;0.00;0.02;-0.01;0.06;0.07;0.11
119.64;0.00;0.02;-0.01;0.06;0.07;0.11
119.68;0.00;0.02;-0.01;0.06;0.07;0.11
119.72;0.00;0.02;-0.01;0.06;0.07;0.11
119.76;0.00;0.02;-0.01;0.06;0.07;0.10
119.80;0.00;0.02;-0.01;0.06;0.07;0.10
119.84;0.00;0.02;-0.01;0.06;0.07;0.10
119.88;0.00;0.02;-0.01;0.06;0.07;0.10
119.92;0.00;0.02;-0.01;0.06;0.07;0.10
119.96;0.00;0.02;-0.01;0.06;0.07;0.10
120.00;0.00;0.02;-0.01;0.06;0.06;0.10
120.04;0.00;0.02;-0.01;0.06;0.06;0.10
120.08;0.00;0.02;-0.01;0.06;0.05;0.10
120.12;0.00;0.02;-0.01;0.06;0.04;0.10
120.16;0.00;0.02;-0.01;0.06;0.03;0.10
120.20;0.00;0.02;-0.01;0.06;0.03;0.10
120.24;0.00;0.02;-0.01;0.06;0.03;0.10
120.28;0.00;0.02;-0.01;0.06;0.03;0.10
120.32;0.00;0.02;-0.01;0.06;0.03;0.10
120.36;0.00;0.02;-0.01;0.06;0.03;0.10
120.40;0.00;0.02;-0.01;0.06;0.03;0.10
120.44;0.00;0.02;-0.01;0.06;0.03;0.10
120.48;0.00;0.02;-0.01;0.06;0.03;0.10
120.52;-0.00;0.02;-0.01;0.06;0.04;0.10
120.56;-0.00;0.02;-0.01;0.06;0.04;0.10
120.60;-0.00;0.02;-0.01;0.06;0.05;0.10
120.64;-0.00;0.02;-0.01;0.06;0.05;0.10
120.68;-0.00;0.02;-0.01;0.06;0.06;0.10
120.72;-0.00;0.02;-0.01;0.06;0.06;0.10
120.76;-0.00;0.02;-0.01;0.06;0.06;0.10
120.80;-0.00;0.02;-0.01;0.06;0.06;0.10
120.84;-0.00;0.02;-0.01;0.06;0.05;0.10
120.88;-0.00;0.02;-0.01;0.06;0.04;0.10
120.92;-0.00;0.02;-0.01;0.06;0.02;0.10
120.96;-0.00;0.02;-0.01;0.06;0.01;0.10
121.00;-0.00;0.02;-0.01;0.06;0.00;0.10
121.04;-0.00;0.02;-0.01;0.06;-0.00;0.11
121.08;-0.00;0.02;-0.01;0.06;-0.00;0.11
121.12;-0.01;0.02;-0.01;0.06;-0.00;0.11
121.16;-0.01;0.02;-0.01;0.06;-0.00;0.11
121.20;-0.01;0.02;-0.01;0.06;-0.00;0.11
121.24;-0.01;0.02;-0.01;0.06;-0.00;0.11
121.28;-0.01;0.02;-0.01;0.06;-0.01;0.12
121.32;-0.01;0.02;-0.01;0.06;-0.01;0.12
121.36;-0.01;0.02;-0.01;0.06;-0.03;0.12
121.40;-0.01;0.02;-0.01;0.06;-0.06;0.12
121.44;-0.01;0.02;-0.01;0.06;-0.07;0.12
121.48;-0.01;0.02;-0.01;0.06;-0.08;0.12
121.52;-0.01;0.02;-0.01;0.06;-0.08;0.12
121.56;-0.01;0.02;-0.01;0.06;-0.08;0.13
121.60;-0.01;0.02;-0.01;0.06;-0.08;0.13
121.64;-0.01;0.02;-0.01;0.06;-0.08;0.13
121.68;-0.01;0.02;-0.01;0.06;-0.08;0.13
121.72;-0.01;0.02;-0.01;0.06;-0.08;0.13
121.76;-0.01;0.02;-0.01;0.06;-0.08;0.13
121.80;-0.01;0.02;-0.01;0.06;-0.08;0.14
121.84;-0.01;0.02;-0.01;0.06;-0.09;0.14
121.88;-0.01;0.02;-0.01;0.06;-0.09;0.14
121.92;-0.01;0.02;-0.01;0.06;-0.11;0.14
121.96;-0.01;0.02;-0.01;0.06;-0.14;0.14
122.00;-0.01;0.03;-0.01;0.06;-0.15;0.14
122.04;-0.01;0.03;-0.01;0.06;-0.15;0.14
122.08;-0.01;0.03;-0.01;0.06;-0.15;0.14
122.12;-0.01;0.04;-0.01;0.06;-0.15;0.14
122.16;-0.01;0.04;-0.01;0.06;-0.15;0.14
122.20;-0.01;0.04;-0.01;0.06;-0.15;0.14
122.24;-0.01;0.04;-0.01;0.06;-0.15;0.14
122.28;-0.01;0.04;-0.01;0.06;-0.15;0.14
122.32;-0.01;0.04;-0.01;0.06;-0.15;0.14
122.36;-0.01;0.04;-0.01;0.06;-0.15;0.14
122.40;-0.01;0.04;-0.01;0.06;-0.16;0.14
122.44;-0.01;0.04;0.00;0.07;-0.16;0.14
122.48;-0.01;0.04;0.00;0.07;-0.17;0.14
122.52;-0.01;0.04;0.00;0.07;-0.18;0.14
122.56;-0.01;0.04;0.00;0.07;-0.18;0.14
122.60;-0.01;0.04;0.00;0.07;-0.18;0.14
122.64;-0.01;0.04;0.00;0.07;-0.18;0.14
122.68;-0.01;0.04;0.00;0.07;-0.18;0.14
122.72;-0.01;0.04;0.00;0.07;-0.18;0.14
122.76;-0.01;0.04;0.00;0.07;-0.18;0.14
122.80;-0.01;0.04;0.00;0.07;-0.18;0.14
122.84;-0.01;0.04;0.00;0.07;-0.18;0.14
122.88;-0.01;0.04;0.00;0.07;-0.18;0.14
122.92;-0.01;0.04;0.00;0.07;-0.18;0.14
122.96;-0.01;0.04;0.00;0.07;-0.18;0.14
123.00;-0.01;0.04;0.00;0.07;-0.16;0.14
123.04;-0.01;0.04;0.00;0.07;-0.15;0.13
123.08;-0.01;0.04;0.00;0.07;-0.15;0.13
123.12;-0.01;0.04;0.00;0.07;-0.15;0.13
123.16;-0.01;0.04;0.00;0.07;-0.15;0.13
123.20;-0.01;0.04;0.00;0.07;-0.14;0.13
123.24;-0.01;0.04;0.00;0.07;-0.14;0.13
123.28;-0.01;0.04;0.00;0.07;-0.14;0.13
123.32;-0.01;0.04;0.00;0.07;-0.13;0.13
123.36;-0.01;0.04;0.00;0.07;-0.13;0.13
123.40;-0.01;0.04;0.00;0.07;-0.13;0.13
123.44;-0.01;0.04;0.00;0.07;-0.13;0.13
123.48;-0.01;0.04;0.00;0.07;-0.13;0.13
123.52;-0.01;0.04;0.00;0.07;-0.13;0.13
123.56;-0.01;0.04;0.00;0.07;-0.12;0.13
123.60;-0.01;0.04;0.00;0.07;-0.11;0.13
123.64;-0.01;0.04;0.00;0.07;-0.11;0.13
123.68;-0.01;0.04;0.00;0.07;-0.10;0.13
123.72;-0.01;0.04;0.00;0.07;-0.09;0.13
123.76;-0.01;0.04;0.00;0.07;-0.08;0.13
123.80;-0.01;0.04;0.00;0.07;-0.08;0.13
123.84;-0.01;0.04;0.00;0.07;-0.08;0.13
123.88;-0.01;0.04;-0.01;0.07;-0.08;0.13
123.92;-0.01;0.04;-0.01;0.07;-0.08;0.13
123.96;-0.01;0.04;-0.02;0.07;-0.08;0.13
124.00;-0.01;0.04;-0.02;0.07;-0.08;0.13
124.04;-0.01;0.04;-0.02;0.07;-0.08;0.13
124.08;-0.01;0.04;-0.02;0.07;-0.08;0.13
124.12;-0.01;0.04;-0.03;0.07;-0.08;0.13
124.16;-0.01;0.04;-0.03;0.07;-0.08;0.13
124.20;-0.01;0.04;-0.03;0.07;-0.08;0.13
124.24;-0.01;0.04;-0.03;0.07;-0.08;0.13
124.28;-0.01;0.04;-0.03;0.07;-0.08;0.13
124.32;-0.01;0.04;-0.03;0.07;-0.08;0.12
124.36;-0.01;0.04;-0.03;0.07;-0.08;0.12
124.40;-0.01;0.04;-0.03;0.07;-0.09;0.12
124.44;-0.01;0.04;-0.03;0.07;-0.09;0.12
124.48;-0.01;0.04;-0.03;0.07;-0.09;0.12
124.52;-0.01;0.04;-0.03;0.07;-0.09;0.12
124.56;-0.01;0.04;-0.03;0.07;-0.09;0.12
124.60;-0.01;0.04;-0.03;0.07;-0.09;0.12
124.64;-0.02;0.04;-0.03;0.07;-0.10;0.12
124.68;-0.02;0.04;-0.03;0.07;-0.10;0.12
124.72;-0.02;0.04;-0.03;0.07;-0.10;0.12
124.76;-0.02;0.04;-0.03;0.07;-0.14;0.12
124.80;-0.02;0.04;-0.03;0.07;-0.16;0.12
124.84;-0.02;0.04;-0.03;0.07;-0.16;0.12
124.88;-0.02;0.04;-0.03;0.07;-0.16;0.12
124.92;-0.02;0.04;-0.03;0.07;-0.16;0.12
124.96;-0.02;0.04;-0.03;0.07;-0.16;0.12
125.00;-0.02;0.04;-0.03;0.07;-0.16;0.12
125.04;-0.02;0.04;-0.03;0.07;-0.16;0.12
125.08;-0.02;0.04;-0.03;0.07;-0.16;0.12
125.12;-0.02;0.04;-0.02;0.07;-0.16;0.12
125.16;-0.02;0.04;-0.02;0.07;-0.16;0.12
125.20;-0.02;0.04;-0.02;0.07;-0.16;0.12
125.24;-0.02;0.04;-0.02;0.07;-0.16;0.12
125.28;-0.02;0.04;-0.02;0.07;-0.16;0.12
125.32;-0.02;0.04;-0.01;0.07;-0.16;0.12
125.36;-0.02;0.04;-0.01;0.07;-0.16;0.12
125.40;-0.02;0.04;-0.00;0.07;-0.16;0.12
125.44;-0.02;0.04;0.00;0.07;-0.16;0.12
125.48;-0.02;0.04;0.00;0.07;-0.16;0.12
125.52;-0.02;0.04;0.00;0.07;-0.16;0.12
125.56;-0.02;0.04;0.00;0.07;-0.16;0.12
125.60;-0.02;0.04;0.00;0.07;-0.16;0.12
125.64;-0.02;0.04;0.00;0.07;-0.16;0.12
125.68;-0.02;0.04;0.00;0.07;-0.16;0.12
125.72;-0.02;0.04;0.00;0.07;-0.16;0.12
125.76;-0.02;0.04;0.00;0.07;-0.17;0.12
125.80;-0.02;0.04;0.00;0.07;-0.18;0.12
125.84;-0.03;0.04;0.00;0.07;-0.19;0.12
125.88;-0.03;0.04;0.00;0.07;-0.19;0.12
125.92;-0.03;0.04;0.00;0.07;-0.19;0.12
125.96;-0.03;0.04;0.00;0.06;-0.19;0.12
126.00;-0.03;0.04;0.00;0.06;-0.19;0.12
126.04;-0.03;0.04;0.00;0.06;-0.19;0.12
126.08;-0.03;0.04;0.00;0.06;-0.19;0.12
126.12;-0.06;0.04;0.00;0.06;-0.19;0.12
126.16;-0.07;0.05;0.00;0.06;-0.19;0.12
126.20;-0.08;0.05;0.00;0.06;-0.19;0.12
126.24;-0.08;0.05;0.00;0.06;-0.19;0.12
126.28;-0.09;0.05;0.00;0.06;-0.19;0.12
126.32;-0.10;0.05;0.00;0.06;-0.19;0.12
126.36;-0.11;0.05;0.00;0.06;-0.19;0.12
126.40;-0.11;0.05;0.00;0.06;-0.19;0.12
126.44;-0.12;0.05;0.00;0.06;-0.19;0.12
126.48;-0.13;0.05;0.00;0.06;-0.19;0.12
126.52;-0.13;0.05;0.00;0.05;-0.19;0.12
126.56;-0.14;0.05;0.00;0.05;-0.19;0.12
126.60;-0.14;0.05;0.00;0.05;-0.20;0.12
126.64;-0.14;0.05;0.00;0.05;-0.21;0.12
126.68;-0.14;0.05;0.00;0.05;-0.22;0.12
126.72;-0.14;0.05;0.00;0.05;-0.22;0.12
126.76;-0.14;0.05;0.00;0.05;-0.22;0.12
126.80;-0.14;0.05;0.00;0.05;-0.22;0.12
126.84;-0.14;0.05;0.00;0.05;-0.22;0.12
126.88;-0.14;0.05;0.00;0.05;-0.22;0.12
126.92;-0.14;0.05;0.00;0.05;-0.22;0.12
126.96;-0.14;0.05;0.00;0.05;-0.22;0.12
127.00;-0.14;0.05;0.00;0.05;-0.22;0.12
127.04;-0.14;0.05;0.00;0.05;-0.22;0.12
127.08;-0.14;0.05;0.00;0.05;-0.22;0.12
127.12;-0.14;0.05;0.00;0.05;-0.22;0.12
127.16;-0.14;0.05;0.00;0.05;-0.22;0.12
127.20;-0.14;0.05;0.00;0.05;-0.22;0.12
127.24;-0.14;0.05;0.00;0.05;-0.22;0.12
127.28;-0.14;0.05;0.00;0.05;-0.22;0.12
127.32;-0.14;0.05;0.00;0.05;-0.22;0.12
127.36;-0.14;0.05;0.00;0.05;-0.22;0.12
127.40;-0.14;0.05;0.00;0.05;-0.22;0.12
127.44;-0.14;0.05;0.00;0.05;-0.22;0.12
127.48;-0.14;0.05;0.00;0.05;-0.22;0.12
127.52;-0.14;0.05;0.00;0.05;-0.22;0.12
127.56;-0.14;0.05;0.00;0.05;-0.22;0.12
127.60;-0.13;0.05;0.00;0.05;-0.22;0.12
127.64;-0.13;0.05;0.00;0.05;-0.22;0.12
127.68;-0.13;0.05;0.01;0.05;-0.22;0.12
127.72;-0.13;0.05;0.01;0.05;-0.23;0.12
127.76;-0.13;0.05;0.01;0.05;-0.23;0.12
127.80;-0.13;0.05;0.01;0.05;-0.23;0.12
127.84;-0.13;0.05;0.01;0.05;-0.23;0.12
127.88;-0.11;0.06;0.01;0.05;-0.23;0.12
127.92;-0.09;0.06;0.01;0.05;-0.23;0.12
127.96;-0.07;0.07;0.01;0.05;-0.23;0.12
128.00;-0.02;0.09;0.01;0.05;-0.23;0.12
128.04;0.02;0.11;0.01;0.05;-0.23;0.12
128.08;0.04;0.11;0.01;0.05;-0.23;0.13
128.12;0.07;0.11;0.01;0.05;-0.23;0.13
128.16;0.08;0.12;0.01;0.07;-0.21;0.13
128.20;0.09;0.15;0.01;0.07;-0.20;0.13
128.24;0.10;0.18;0.04;0.08;-0.20;0.14
128.28;0.11;0.22;0.10;0.09;-0.20;0.15
128.32;0.12;0.24;0.12;0.09;-0.20;0.15
128.36;0.14;0.26;0.14;0.11;-0.20;0.15
128.40;0.15;0.28;0.15;0.13;-0.20;0.16
128.44;0.17;0.28;0.17;0.15;-0.20;0.17
128.48;0.18;0.29;0.21;0.16;-0.20;0.17
128.52;0.20;0.29;0.24;0.16;-0.20;0.17
128.56;0.21;0.29;0.25;0.16;-0.19;0.17
128.60;0.22;0.30;0.30;0.18;-0.19;0.17
128.64;0.23;0.31;0.35;0.20;-0.19;0.17
128.68;0.25;0.32;0.37;0.22;-0.19;0.18
128.72;0.27;0.32;0.39;0.26;-0.19;0.18
128.76;0.28;0.32;0.42;0.29;-0.19;0.18
128.80;0.28;0.33;0.43;0.31;-0.19;0.18
128.84;0.28;0.33;0.44;0.32;-0.19;0.18
128.88;0.28;0.33;0.45;0.34;-0.18;0.18
128.92;0.28;0.33;0.45;0.35;-0.17;0.18
128.96;0.28;0.33;0.45;0.36;-0.17;0.17
129.00;0.28;0.33;0.46;0.37;-0.17;0.17
129.04;0.28;0.33;0.46;0.38;-0.17;0.17
129.08;0.28;0.34;0.47;0.38;-0.18;0.17
129.12;0.28;0.34;0.48;0.39;-0.19;0.17
129.16;0.28;0.34;0.48;0.39;-0.20;0.17
129.20;0.29;0.35;0.48;0.40;-0.20;0.17
129.24;0.29;0.35;0.48;0.40;-0.21;0.17
129.28;0.33;0.36;0.49;0.40;-0.22;0.17
129.32;0.38;0.37;0.49;0.40;-0.24;0.17
129.36;0.40;0.39;0.49;0.40;-0.24;0.17
129.40;0.39;0.42;0.50;0.41;-0.25;0.17
129.44;0.39;0.43;0.50;0.41;-0.25;0.18
129.48;0.39;0.43;0.50;0.41;-0.25;0.18
129.52;0.39;0.43;0.50;0.41;-0.25;0.18
129.56;0.39;0.44;0.51;0.41;-0.25;0.18
129.60;0.39;0.44;0.51;0.41;-0.25;0.18
129.64;0.39;0.44;0.51;0.42;-0.25;0.18
129.68;0.39;0.44;0.51;0.42;-0.25;0.18
129.72;0.39;0.44;0.51;0.42;-0.25;0.19
129.76;0.39;0.45;0.51;0.42;-0.25;0.19
129.80;0.39;0.45;0.51;0.43;-0.25;0.19
129.84;0.39;0.45;0.51;0.43;-0.25;0.19
129.88;0.39;0.45;0.51;0.43;-0.25;0.19
129.92;0.39;0.45;0.51;0.43;-0.25;0.19
129.96;0.39;0.45;0.51;0.43;-0.25;0.19
130.00;0.39;0.45;0.51;0.43;-0.25;0.19
130.04;0.39;0.45;0.52;0.43;-0.25;0.20
130.08;0.39;0.45;0.52;0.44;-0.25;0.20
130.12;0.39;0.45;0.52;0.44;-0.25;0.20
130.16;0.39;0.45;0.52;0.44;-0.25;0.20
130.20;0.39;0.45;0.52;0.45;-0.25;0.20
130.24;0.39;0.45;0.52;0.45;-0.25;0.20
130.28;0.39;0.45;0.52;0.45;-0.25;0.20
130.32;0.39;0.45;0.52;0.45;-0.25;0.20
130.36;0.39;0.45;0.52;0.45;-0.25;0.20
130.40;0.39;0.45;0.52;0.45;-0.25;0.20
130.44;0.38;0.45;0.53;0.45;-0.25;0.20
130.48;0.38;0.45;0.53;0.45;-0.25;0.20
130.52;0.38;0.45;0.53;0.46;-0.25;0.20
130.56;0.38;0.45;0.54;0.46;-0.25;0.20
130.60;0.38;0.45;0.55;0.46;-0.25;0.20
130.64;0.38;0.45;0.55;0.46;-0.25;0.20
130.68;0.38;0.45;0.55;0.46;-0.25;0.19
130.72;0.38;0.45;0.55;0.46;-0.25;0.19
130.76;0.37;0.45;0.55;0.46;-0.25;0.19
130.80;0.37;0.45;0.55;0.46;-0.25;0.19
130.84;0.37;0.45;0.55;0.46;-0.25;0.19
130.88;0.37;0.44;0.55;0.47;-0.25;0.19
130.92;0.37;0.44;0.55;0.47;-0.26;0.19
130.96;0.37;0.44;0.56;0.47;-0.26;0.19
131.00;0.37;0.44;0.56;0.47;-0.26;0.19
131.04;0.37;0.44;0.56;0.47;-0.26;0.19
131.08;0.37;0.44;0.56;0.47;-0.26;0.19
131.12;0.37;0.44;0.57;0.47;-0.26;0.19
131.16;0.37;0.44;0.57;0.47;-0.26;0.19
131.20;0.37;0.44;0.57;0.47;-0.26;0.19
131.24;0.37;0.44;0.57;0.47;-0.26;0.19
131.28;0.37;0.44;0.57;0.47;-0.26;0.19
131.32;0.37;0.44;0.57;0.47;-0.26;0.19
131.36;0.37;0.44;0.57;0.47;-0.26;0.19
131.40;0.37;0.44;0.57;0.47;-0.26;0.19
131.44;0.37;0.44;0.57;0.48;-0.26;0.19
131.48;0.37;0.44;0.57;0.48;-0.24;0.19
131.52;0.37;0.44;0.57;0.48;-0.21;0.19
131.56;0.36;0.44;0.57;0.48;-0.18;0.19
131.60;0.36;0.44;0.57;0.48;-0.16;0.19
131.64;0.36;0.44;0.57;0.48;-0.14;0.19
131.68;0.36;0.44;0.57;0.48;-0.14;0.19
131.72;0.36;0.44;0.56;0.48;-0.13;0.19
131.76;0.36;0.44;0.56;0.48;-0.13;0.19
131.80;0.36;0.44;0.56;0.48;-0.13;0.19
131.84;0.36;0.44;0.55;0.48;-0.13;0.19
131.88;0.36;0.44;0.54;0.48;-0.12;0.19
131.92;0.36;0.44;0.54;0.48;-0.06;0.19
131.96;0.36;0.44;0.54;0.48;0.00;0.19
132.00;0.36;0.44;0.53;0.48;0.05;0.19
132.04;0.36;0.44;0.53;0.48;0.09;0.19
132.08;0.36;0.44;0.51;0.48;0.10;0.19
132.12;0.36;0.44;0.49;0.48;0.10;0.19
132.16;0.36;0.44;0.49;0.48;0.10;0.19
132.20;0.36;0.44;0.48;0.48;0.10;0.19
132.24;0.36;0.44;0.48;0.48;0.10;0.19
132.28;0.36;0.44;0.47;0.48;0.10;0.19
132.32;0.36;0.45;0.47;0.48;0.10;0.19
132.36;0.36;0.45;0.46;0.48;0.11;0.19
132.40;0.36;0.45;0.46;0.48;0.11;0.19
132.44;0.35;0.45;0.44;0.48;0.11;0.19
132.48;0.32;0.45;0.42;0.48;0.12;0.19
132.52;0.29;0.45;0.41;0.48;0.13;0.19
132.56;0.27;0.45;0.41;0.48;0.14;0.19
132.60;0.23;0.45;0.41;0.48;0.15;0.19
132.64;0.21;0.45;0.41;0.48;0.15;0.19
132.68;0.19;0.45;0.41;0.48;0.16;0.19
132.72;0.18;0.45;0.41;0.48;0.16;0.19
132.76;0.16;0.45;0.41;0.48;0.17;0.19
132.80;0.14;0.45;0.40;0.48;0.17;0.19
132.84;0.12;0.45;0.40;0.48;0.17;0.19
132.88;0.10;0.45;0.40;0.48;0.18;0.19
132.92;0.09;0.45;0.40;0.48;0.18;0.19
132.96;0.07;0.45;0.39;0.48;0.19;0.19
133.00;0.06;0.45;0.39;0.47;0.20;0.19
133.04;0.05;0.45;0.39;0.47;0.20;0.19
133.08;0.05;0.45;0.39;0.47;0.21;0.19
133.12;0.04;0.45;0.39;0.47;0.21;0.19
133.16;0.03;0.45;0.38;0.46;0.21;0.19
133.20;0.02;0.45;0.38;0.46;0.21;0.19
133.24;0.01;0.45;0.38;0.46;0.21;0.19
133.28;0.00;0.45;0.37;0.46;0.20;0.19
133.32;0.00;0.45;0.37;0.45;0.19;0.19
133.36;0.00;0.45;0.36;0.45;0.18;0.19
133.40;0.00;0.45;0.35;0.45;0.18;0.19
133.44;0.00;0.45;0.35;0.44;0.18;0.19
133.48;0.00;0.45;0.35;0.44;0.18;0.19
133.52;0.00;0.45;0.35;0.44;0.18;0.19
133.56;0.00;0.45;0.35;0.43;0.18;0.19
133.60;0.00;0.45;0.34;0.43;0.18;0.19
133.64;0.00;0.45;0.34;0.43;0.18;0.19
133.68;0.00;0.44;0.34;0.43;0.18;0.19
133.72;0.00;0.44;0.34;0.43;0.18;0.19
133.76;0.00;0.44;0.34;0.43;0.18;0.19
133.80;0.00;0.44;0.34;0.43;0.18;0.19
133.84;0.00;0.44;0.34;0.43;0.18;0.19
133.88;0.00;0.44;0.34;0.43;0.18;0.19
133.92;0.00;0.44;0.34;0.42;0.18;0.19
133.96;0.00;0.44;0.34;0.42;0.18;0.19
134.00;0.00;0.44;0.34;0.42;0.18;0.19
134.04;0.00;0.43;0.34;0.42;0.18;0.19
134.08;0.00;0.43;0.34;0.42;0.19;0.19
134.12;0.00;0.42;0.33;0.42;0.19;0.19
134.16;0.00;0.42;0.33;0.42;0.19;0.19
134.20;0.00;0.42;0.33;0.42;0.20;0.19
134.24;0.00;0.42;0.33;0.42;0.20;0.19
134.28;0.00;0.41;0.32;0.42;0.21;0.19
134.32;0.00;0.41;0.32;0.42;0.21;0.19
134.36;0.00;0.41;0.32;0.42;0.21;0.19
134.40;0.00;0.41;0.32;0.42;0.21;0.19
134.44;0.00;0.40;0.32;0.42;0.21;0.19
134.48;0.00;0.34;0.32;0.42;0.21;0.19
134.52;0.00;0.21;0.32;0.42;0.21;0.19
134.56;0.00;0.09;0.32;0.42;0.21;0.19
134.60;0.00;0.03;0.32;0.42;0.21;0.19
134.64;0.00;0.04;0.32;0.42;0.21;0.19
134.68;0.00;0.04;0.32;0.41;0.21;0.19
134.72;0.00;0.04;0.31;0.41;0.21;0.19
134.76;0.00;0.04;0.31;0.41;0.21;0.19
134.80;0.00;0.04;0.31;0.41;0.21;0.19
134.84;0.00;0.04;0.30;0.41;0.21;0.19
134.88;0.00;0.04;0.30;0.41;0.21;0.19
134.92;0.00;0.04;0.29;0.41;0.21;0.19
134.96;0.00;0.04;0.29;0.41;0.21;0.19
135.00;0.00;0.04;0.28;0.41;0.21;0.19
135.04;0.00;0.04;0.28;0.41;0.21;0.19
135.08;0.00;0.05;0.27;0.41;0.21;0.19
135.12;0.00;0.05;0.26;0.41;0.21;0.19
135.16;0.00;0.05;0.25;0.41;0.21;0.19
135.20;0.00;0.05;0.23;0.41;0.22;0.19
135.24;0.00;0.05;0.21;0.41;0.22;0.19
135.28;0.00;0.05;0.20;0.41;0.22;0.19
135.32;0.00;0.05;0.19;0.41;0.22;0.19
135.36;0.00;0.05;0.18;0.41;0.22;0.19
135.40;0.00;0.05;0.17;0.41;0.22;0.19
135.44;0.00;0.05;0.17;0.41;0.22;0.19
135.48;0.00;0.05;0.16;0.41;0.22;0.19
135.52;0.00;0.05;0.15;0.41;0.22;0.19
135.56;0.00;0.05;0.15;0.41;0.22;0.19
135.60;0.00;0.05;0.14;0.41;0.22;0.19
135.64;0.00;0.05;0.14;0.41;0.22;0.19
135.68;0.00;0.05;0.13;0.41;0.22;0.19
135.72;0.00;0.05;0.12;0.41;0.22;0.19
135.76;0.00;0.05;0.12;0.40;0.22;0.19
135.80;0.00;0.05;0.12;0.40;0.22;0.19
135.84;0.00;0.05;0.12;0.40;0.22;0.19
135.88;0.00;0.05;0.12;0.40;0.22;0.19
135.92;0.00;0.05;0.12;0.40;0.22;0.19
135.96;0.00;0.05;0.12;0.40;0.22;0.19
136.00;0.00;0.05;0.12;0.40;0.22;0.19
136.04;0.00;0.05;0.12;0.39;0.22;0.19
136.08;0.00;0.05;0.11;0.39;0.22;0.19
136.12;0.00;0.05;0.11;0.39;0.22;0.19
136.16;0.00;0.05;0.11;0.39;0.22;0.19
136.20;0.00;0.05;0.11;0.39;0.22;0.19
136.24;0.00;0.05;0.11;0.39;0.22;0.19
136.28;0.00;0.05;0.11;0.39;0.22;0.19
136.32;0.00;0.05;0.11;0.39;0.22;0.19
136.36;0.00;0.05;0.11;0.39;0.22;0.19
136.40;0.00;0.05;0.09;0.39;0.21;0.19
136.44;0.00;0.05;0.07;0.39;0.21;0.19
136.48;0.00;0.05;0.06;0.39;0.21;0.19
136.52;0.00;0.05;0.04;0.39;0.21;0.19
136.56;0.00;0.05;0.03;0.39;0.21;0.19
136.60;0.00;0.05;0.01;0.39;0.21;0.19
136.64;0.00;0.05;0.01;0.39;0.21;0.19
136.68;0.00;0.05;0.01;0.39;0.21;0.19
136.72;0.00;0.05;0.01;0.39;0.21;0.19
136.76;0.00;0.05;0.01;0.39;0.21;0.19
136.80;0.00;0.05;0.01;0.39;0.21;0.19
136.84;0.00;0.05;0.01;0.39;0.21;0.19
136.88;0.00;0.05;0.01;0.39;0.21;0.19
136.92;0.00;0.05;0.01;0.39;0.21;0.19
136.96;0.00;0.05;0.01;0.39;0.21;0.19
137.00;0.00;0.05;0.01;0.39;0.21;0.19
137.04;0.00;0.05;0.01;0.39;0.21;0.19
137.08;0.00;0.05;0.01;0.38;0.21;0.19
137.12;0.00;0.05;0.01;0.38;0.21;0.19
137.16;0.00;0.05;0.01;0.38;0.21;0.19
137.20;0.00;0.05;0.01;0.38;0.21;0.19
137.24;0.00;0.05;0.01;0.38;0.21;0.19
137.28;0.00;0.05;0.01;0.38;0.21;0.19
137.32;0.00;0.05;0.01;0.38;0.21;0.19
137.36;0.00;0.05;0.01;0.38;0.21;0.19
137.40;0.00;0.05;0.01;0.38;0.21;0.19
137.44;0.00;0.05;0.01;0.38;0.21;0.19
137.48;0.00;0.05;0.01;0.37;0.21;0.19
137.52;0.00;0.05;0.01;0.37;0.21;0.19
137.56;0.00;0.05;0.01;0.37;0.21;0.19
137.60;0.00;0.05;0.01;0.37;0.21;0.19
137.64;0.00;0.05;0.01;0.37;0.21;0.19
137.68;0.00;0.05;0.01;0.37;0.21;0.19
137.72;0.00;0.05;0.01;0.37;0.21;0.19
137.76;0.00;0.05;0.01;0.37;0.21;0.19
137.80;0.00;0.05;0.01;0.37;0.20;0.19
137.84;0.00;0.05;0.01;0.37;0.20;0.19
137.88;0.00;0.05;0.01;0.37;0.20;0.19
137.92;0.00;0.05;0.01;0.37;0.19;0.19
137.96;0.00;0.05;0.01;0.37;0.19;0.19
138.00;0.00;0.05;0.01;0.37;0.18;0.19
138.04;0.00;0.05;0.01;0.37;0.18;0.19
138.08;0.00;0.05;0.01;0.37;0.16;0.19
138.12;0.00;0.05;0.01;0.37;0.15;0.19
138.16;0.00;0.05;0.01;0.37;0.14;0.19
138.20;0.00;0.05;0.01;0.37;0.14;0.19
138.24;0.00;0.05;0.01;0.37;0.14;0.19
138.28;0.00;0.05;0.01;0.37;0.14;0.19
138.32;0.00;0.05;0.01;0.37;0.14;0.19
138.36;0.00;0.05;0.01;0.37;0.14;0.19
138.40;0.00;0.05;0.01;0.37;0.14;0.19
138.44;0.00;0.05;0.01;0.37;0.14;0.19
138.48;0.00;0.05;0.01;0.37;0.14;0.19
138.52;0.00;0.05;0.01;0.37;0.14;0.19
138.56;0.00;0.05;0.01;0.37;0.14;0.19
138.60;0.00;0.05;0.01;0.37;0.14;0.19
138.64;0.00;0.05;0.01;0.37;0.14;0.19
138.68;0.00;0.05;0.01;0.37;0.14;0.19
138.72;0.00;0.05;0.01;0.37;0.14;0.19
138.76;0.00;0.05;0.01;0.37;0.14;0.19
138.80;0.00;0.05;0.01;0.37;0.14;0.19
138.84;0.00;0.05;0.01;0.37;0.14;0.19
138.88;0.00;0.05;0.01;0.37;0.14;0.19
138.92;0.00;0.05;0.01;0.37;0.14;0.19
138.96;0.00;0.05;0.01;0.37;0.14;0.19
139.00;0.00;0.05;0.01;0.37;0.17;0.19
139.04;0.00;0.05;0.01;0.37;0.18;0.19
139.08;0.00;0.05;0.01;0.37;0.19;0.19
139.12;0.00;0.05;0.01;0.37;0.19;0.19
139.16;0.00;0.05;0.01;0.37;0.19;0.19
139.20;0.00;0.05;0.01;0.37;0.19;0.18
139.24;0.00;0.05;0.01;0.37;0.19;0.18
139.28;0.00;0.05;0.01;0.37;0.19;0.18
139.32;0.00;0.05;0.01;0.37;0.19;0.18
139.36;0.00;0.05;0.01;0.37;0.19;0.18
139.40;0.00;0.05;0.01;0.37;0.19;0.18
139.44;0.00;0.05;0.01;0.37;0.19;0.18
139.48;0.00;0.05;0.01;0.37;0.19;0.18
139.52;0.00;0.05;0.01;0.37;0.18;0.18
139.56;0.00;0.05;0.01;0.37;0.18;0.18
139.60;0.00;0.05;0.01;0.37;0.18;0.18
139.64;0.00;0.05;0.01;0.37;0.18;0.18
139.68;0.00;0.05;0.01;0.37;0.17;0.18
139.72;0.00;0.05;0.01;0.37;0.17;0.18
139.76;0.00;0.05;0.01;0.37;0.15;0.18
139.80;0.00;0.05;0.01;0.36;0.14;0.18
139.84;0.00;0.05;0.01;0.36;0.12;0.18
139.88;0.00;0.05;0.01;0.36;0.11;0.18
139.92;0.00;0.05;0.01;0.36;0.09;0.18
139.96;0.00;0.05;0.01;0.36;0.08;0.18
140.00;0.00;0.05;0.01;0.36;0.07;0.18
140.04;0.00;0.05;0.01;0.36;0.06;0.18
140.08;0.00;0.05;0.01;0.36;0.06;0.18
140.12;0.00;0.05;0.01;0.36;0.06;0.18
140.16;0.00;0.05;0.01;0.36;0.06;0.18
140.20;0.00;0.05;0.01;0.36;0.06;0.18
140.24;0.00;0.05;0.01;0.36;0.06;0.18
140.28;0.00;0.05;0.01;0.36;0.06;0.18
140.32;0.00;0.05;0.01;0.36;0.06;0.18
140.36;0.00;0.05;0.01;0.36;0.06;0.18
140.40;0.00;0.05;0.01;0.36;0.07;0.18
140.44;0.00;0.05;0.01;0.36;0.06;0.18
140.48;0.00;0.05;0.01;0.36;0.06;0.18
140.52;0.00;0.05;0.01;0.36;0.06;0.18
140.56;0.00;0.05;0.01;0.36;0.06;0.18
140.60;0.00;0.05;0.01;0.36;0.06;0.18
140.64;0.00;0.05;0.01;0.36;0.06;0.18
140.68;0.00;0.05;0.01;0.36;0.06;0.18
140.72;0.00;0.05;0.01;0.36;0.05;0.18
140.76;0.00;0.05;0.01;0.36;0.05;0.18
140.80;0.00;0.05;0.01;0.36;0.04;0.18
140.84;0.00;0.05;0.01;0.36;0.03;0.18
140.88;0.00;0.05;0.01;0.36;0.02;0.18
140.92;0.00;0.05;0.01;0.36;0.01;0.18
140.96;0.00;0.05;0.01;0.36;0.01;0.18
141.00;0.00;0.05;0.01;0.36;0.00;0.18
141.04;0.00;0.05;0.01;0.36;0.00;0.18
141.08;0.00;0.05;0.01;0.36;0.00;0.18
141.12;0.00;0.05;0.01;0.36;0.00;0.18
141.16;0.00;0.05;0.01;0.36;0.00;0.18
141.20;0.00;0.05;0.01;0.36;0.00;0.18
141.24;0.00;0.05;0.01;0.36;0.00;0.18
141.28;0.00;0.05;0.01;0.36;0.00;0.18
141.32;0.00;0.05;0.01;0.36;0.00;0.18
141.36;0.01;0.05;0.01;0.36;0.00;0.18
141.40;0.01;0.05;0.01;0.36;0.00;0.18
141.44;0.01;0.05;0.01;0.36;0.00;0.18
141.48;0.01;0.05;0.01;0.36;0.00;0.18
141.52;0.01;0.05;0.01;0.36;0.00;0.18
141.56;0.01;0.05;0.01;0.36;0.00;0.18
141.60;0.01;0.05;0.01;0.36;0.00;0.18
141.64;0.01;0.05;0.01;0.36;0.00;0.18
141.68;0.01;0.05;0.01;0.36;0.00;0.18
141.72;0.01;0.05;0.01;0.36;-0.01;0.18
141.76;0.01;0.05;0.01;0.35;-0.01;0.18
141.80;0.01;0.05;0.01;0.35;-0.01;0.18
141.84;0.01;0.05;0.01;0.35;-0.02;0.18
141.88;0.01;0.05;0.01;0.35;-0.03;0.18
141.92;0.01;0.04;0.01;0.35;-0.03;0.18
141.96;0.01;0.04;0.01;0.35;-0.04;0.18
142.00;0.01;0.04;0.01;0.35;-0.04;0.17
142.04;0.01;0.04;0.01;0.35;-0.04;0.17
142.08;0.01;0.04;0.01;0.35;-0.05;0.17
142.12;0.01;0.04;0.01;0.35;-0.05;0.17
142.16;0.01;0.04;0.01;0.35;-0.05;0.17
142.20;0.01;0.04;0.02;0.35;-0.05;0.17
142.24;0.01;0.04;0.02;0.35;-0.05;0.17
142.28;0.01;0.04;0.02;0.35;-0.05;0.16
142.32;0.01;0.04;0.02;0.35;-0.05;0.16
142.36;0.01;0.04;0.04;0.35;-0.05;0.16
142.40;0.01;0.04;0.05;0.35;-0.05;0.16
142.44;0.01;0.04;0.05;0.35;-0.05;0.16
142.48;0.01;0.04;0.05;0.35;-0.05;0.16
142.52;0.01;0.04;0.05;0.35;-0.05;0.16
142.56;0.01;0.04;0.05;0.35;-0.05;0.16
142.60;0.01;0.04;0.05;0.35;-0.05;0.16
142.64;0.01;0.04;0.05;0.35;-0.05;0.16
142.68;0.01;0.04;0.05;0.35;-0.06;0.16
142.72;0.01;0.04;0.05;0.35;-0.06;0.16
142.76;0.01;0.04;0.05;0.35;-0.06;0.16
142.80;0.01;0.04;0.05;0.35;-0.06;0.15
142.84;0.01;0.04;0.05;0.35;-0.07;0.15
142.88;0.01;0.04;0.04;0.35;-0.07;0.15
142.92;0.01;0.04;0.04;0.35;-0.08;0.15
142.96;0.01;0.04;0.04;0.35;-0.08;0.15
143.00;0.01;0.04;0.04;0.35;-0.09;0.14
143.04;0.01;0.04;0.03;0.35;-0.09;0.14
143.08;0.01;0.04;0.03;0.35;-0.09;0.14
143.12;0.01;0.04;0.03;0.35;-0.09;0.14
143.16;0.01;0.04;0.03;0.34;-0.09;0.14
143.20;0.01;0.04;0.03;0.34;-0.09;0.13
143.24;0.01;0.04;0.04;0.34;-0.09;0.13
143.28;0.01;0.04;0.04;0.34;-0.09;0.13
143.32;0.01;0.04;0.06;0.34;-0.09;0.13
143.36;0.01;0.04;0.08;0.34;-0.09;0.13
143.40;0.01;0.04;0.09;0.34;-0.09;0.13
143.44;0.01;0.04;0.10;0.34;-0.09;0.13
143.48;0.01;0.04;0.11;0.34;-0.09;0.14
143.52;0.02;0.04;0.12;0.34;-0.09;0.14
143.56;0.02;0.04;0.12;0.34;-0.09;0.14
143.60;0.03;0.04;0.13;0.34;-0.09;0.14
143.64;0.04;0.04;0.13;0.34;-0.09;0.14
143.68;0.04;0.04;0.14;0.34;-0.07;0.14
143.72;0.06;0.04;0.14;0.34;-0.05;0.14
143.76;0.07;0.04;0.14;0.34;-0.03;0.14
143.80;0.09;0.04;0.15;0.34;-0.01;0.14
143.84;0.10;0.04;0.15;0.34;-0.01;0.14
143.88;0.11;0.04;0.15;0.34;-0.01;0.14
143.92;0.11;0.05;0.16;0.34;-0.01;0.15
143.96;0.12;0.05;0.16;0.34;-0.01;0.15
144.00;0.12;0.05;0.16;0.34;-0.01;0.15
144.04;0.13;0.05;0.16;0.34;-0.01;0.16
144.08;0.14;0.05;0.17;0.34;-0.01;0.16
144.12;0.15;0.05;0.17;0.34;-0.01;0.16
144.16;0.15;0.05;0.17;0.34;-0.01;0.16
144.20;0.16;0.05;0.17;0.34;-0.01;0.16
144.24;0.17;0.05;0.18;0.33;-0.01;0.16
144.28;0.17;0.05;0.18;0.33;-0.01;0.16
144.32;0.17;0.05;0.18;0.33;-0.01;0.16
144.36;0.17;0.06;0.18;0.33;-0.01;0.16
144.40;0.17;0.06;0.18;0.33;-0.01;0.16
144.44;0.17;0.06;0.18;0.33;-0.01;0.16
144.48;0.17;0.07;0.18;0.33;-0.01;0.16
144.52;0.17;0.07;0.18;0.33;-0.01;0.16
144.56;0.17;0.07;0.18;0.33;-0.01;0.16
144.60;0.17;0.07;0.18;0.33;-0.01;0.16
144.64;0.17;0.07;0.18;0.33;-0.01;0.16
144.68;0.17;0.08;0.18;0.33;-0.01;0.16
144.72;0.17;0.08;0.18;0.33;-0.02;0.16
144.76;0.17;0.08;0.18;0.33;-0.02;0.16
144.80;0.17;0.09;0.18;0.33;-0.02;0.16
144.84;0.17;0.09;0.18;0.33;-0.02;0.16
144.88;0.17;0.09;0.18;0.33;-0.03;0.16
144.92;0.17;0.10;0.19;0.33;-0.03;0.16
144.96;0.17;0.11;0.19;0.33;-0.03;0.16
145.00;0.17;0.11;0.19;0.33;-0.03;0.16
145.04;0.17;0.11;0.20;0.33;-0.03;0.16
145.08;0.17;0.11;0.20;0.33;-0.03;0.16
145.12;0.17;0.11;0.20;0.33;-0.03;0.16
145.16;0.17;0.11;0.20;0.33;-0.03;0.16
145.20;0.17;0.11;0.21;0.33;-0.03;0.16
145.24;0.17;0.11;0.21;0.33;-0.03;0.16
145.28;0.17;0.11;0.21;0.33;-0.03;0.16
145.32;0.17;0.11;0.21;0.33;-0.03;0.17
145.36;0.17;0.11;0.21;0.32;-0.03;0.17
145.40;0.17;0.11;0.21;0.32;-0.03;0.17
145.44;0.17;0.11;0.21;0.32;-0.03;0.17
145.48;0.17;0.11;0.21;0.32;-0.02;0.17
145.52;0.17;0.11;0.21;0.32;-0.02;0.17
145.56;0.17;0.11;0.21;0.32;-0.01;0.18
145.60;0.17;0.11;0.21;0.32;0.00;0.18
145.64;0.17;0.11;0.21;0.32;0.01;0.18
145.68;0.17;0.11;0.21;0.32;0.02;0.18
145.72;0.17;0.11;0.21;0.32;0.03;0.18
145.76;0.17;0.11;0.21;0.32;0.03;0.18
145.80;0.17;0.11;0.21;0.32;0.03;0.19
145.84;0.17;0.11;0.21;0.32;0.03;0.19
145.88;0.17;0.11;0.21;0.32;0.02;0.19
145.92;0.17;0.11;0.21;0.32;0.02;0.19
145.96;0.17;0.11;0.21;0.32;0.02;0.20
146.00;0.17;0.11;0.21;0.32;0.02;0.20
146.04;0.17;0.11;0.21;0.32;0.02;0.20
146.08;0.17;0.11;0.21;0.32;0.02;0.20
146.12;0.18;0.11;0.21;0.32;0.02;0.20
146.16;0.19;0.11;0.21;0.32;0.02;0.20
146.20;0.20;0.11;0.21;0.32;0.02;0.20
146.24;0.21;0.11;0.21;0.32;0.01;0.20
146.28;0.21;0.11;0.21;0.32;0.01;0.20
146.32;0.21;0.11;0.21;0.32;0.00;0.20
146.36;0.21;0.11;0.21;0.32;-0.01;0.21
146.40;0.22;0.11;0.21;0.32;-0.01;0.21
146.44;0.23;0.11;0.21;0.32;-0.01;0.21
146.48;0.24;0.11;0.21;0.32;0.00;0.21
146.52;0.25;0.11;0.21;0.32;0.00;0.21
146.56;0.26;0.11;0.21;0.32;0.01;0.21
146.60;0.26;0.11;0.21;0.32;0.02;0.21
146.64;0.27;0.11;0.21;0.32;0.02;0.21
146.68;0.27;0.11;0.21;0.32;0.02;0.21
146.72;0.29;0.11;0.21;0.32;0.02;0.21
146.76;0.29;0.11;0.21;0.32;0.03;0.22
146.80;0.29;0.11;0.22;0.32;0.04;0.22
146.84;0.29;0.11;0.22;0.32;0.04;0.22
146.88;0.29;0.11;0.22;0.32;0.04;0.22
146.92;0.29;0.11;0.22;0.32;0.04;0.22
146.96;0.29;0.11;0.22;0.32;0.04;0.22
147.00;0.29;0.11;0.23;0.32;0.04;0.23
147.04;0.29;0.11;0.23;0.32;0.04;0.23
147.08;0.29;0.11;0.23;0.32;0.05;0.23
147.12;0.29;0.11;0.23;0.32;0.05;0.23
147.16;0.29;0.11;0.23;0.32;0.05;0.23
147.20;0.29;0.11;0.23;0.32;0.05;0.23
147.24;0.29;0.11;0.23;0.32;0.05;0.23
147.28;0.29;0.11;0.23;0.32;0.05;0.24
147.32;0.29;0.11;0.23;0.32;0.05;0.24
147.36;0.29;0.11;0.23;0.32;0.05;0.24
147.40;0.29;0.11;0.23;0.32;0.05;0.24
147.44;0.29;0.11;0.23;0.32;0.04;0.25
147.48;0.29;0.11;0.23;0.32;0.03;0.25
147.52;0.29;0.11;0.23;0.32;0.03;0.25
147.56;0.29;0.11;0.23;0.32;0.02;0.25
147.60;0.29;0.11;0.23;0.32;0.01;0.25
147.64;0.29;0.11;0.23;0.32;0.00;0.26
147.68;0.29;0.11;0.23;0.32;0.00;0.26
147.72;0.29;0.11;0.23;0.32;0.00;0.26
147.76;0.29;0.11;0.24;0.32;0.00;0.26
147.80;0.29;0.11;0.24;0.32;0.00;0.26
147.84;0.29;0.11;0.24;0.32;0.00;0.26
147.88;0.29;0.11;0.24;0.32;0.00;0.26
147.92;0.29;0.11;0.25;0.32;0.00;0.27
147.96;0.29;0.11;0.25;0.32;-0.01;0.27
148.00;0.29;0.11;0.25;0.32;-0.02;0.27
148.04;0.29;0.11;0.25;0.32;-0.04;0.27
148.08;0.29;0.11;0.25;0.32;-0.04;0.27
148.12;0.29;0.11;0.25;0.32;-0.05;0.27
148.16;0.29;0.11;0.25;0.32;-0.05;0.27
148.20;0.29;0.11;0.24;0.32;-0.05;0.27
148.24;0.29;0.11;0.24;0.32;-0.05;0.27
148.28;0.29;0.11;0.24;0.32;-0.06;0.27
148.32;0.29;0.11;0.24;0.32;-0.06;0.27
148.36;0.29;0.11;0.24;0.32;-0.06;0.27
148.40;0.29;0.11;0.24;0.32;-0.06;0.27
148.44;0.29;0.11;0.24;0.32;-0.06;0.27
148.48;0.29;0.11;0.24;0.31;-0.06;0.27
148.52;0.29;0.11;0.24;0.31;-0.06;0.26
148.56;0.29;0.11;0.24;0.31;-0.06;0.26
148.60;0.29;0.11;0.23;0.31;-0.06;0.26
148.64;0.29;0.11;0.23;0.31;-0.06;0.26
148.68;0.29;0.11;0.23;0.31;-0.06;0.25
148.72;0.29;0.11;0.23;0.31;-0.06;0.24
148.76;0.29;0.11;0.23;0.31;-0.06;0.24
148.80;0.29;0.11;0.23;0.31;-0.06;0.23
148.84;0.29;0.11;0.23;0.31;-0.06;0.23
148.88;0.29;0.11;0.23;0.31;-0.06;0.23
148.92;0.29;0.11;0.23;0.31;-0.06;0.23
148.96;0.29;0.11;0.23;0.31;-0.06;0.23
149.00;0.29;0.11;0.23;0.30;-0.06;0.23
149.04;0.29;0.11;0.23;0.30;-0.06;0.23
149.08;0.29;0.11;0.23;0.30;-0.06;0.22
149.12;0.29;0.11;0.23;0.30;-0.06;0.22
149.16;0.29;0.11;0.23;0.30;-0.06;0.22
149.20;0.29;0.11;0.22;0.30;-0.06;0.22
149.24;0.29;0.11;0.22;0.30;-0.05;0.22
149.28;0.29;0.11;0.22;0.29;-0.05;0.21
149.32;0.29;0.11;0.22;0.29;-0.05;0.21
149.36;0.29;0.11;0.22;0.29;-0.05;0.21
149.40;0.29;0.11;0.22;0.29;-0.06;0.21
149.44;0.29;0.11;0.22;0.29;-0.06;0.21
149.48;0.29;0.11;0.22;0.29;-0.06;0.21
149.52;0.29;0.11;0.22;0.29;-0.06;0.21
149.56;0.29;0.11;0.22;0.28;-0.07;0.21
149.60;0.29;0.11;0.22;0.28;-0.07;0.20
149.64;0.29;0.11;0.22;0.28;-0.07;0.20
149.68;0.29;0.11;0.22;0.28;-0.07;0.20
149.72;0.29;0.11;0.22;0.28;-0.08;0.20
149.76;0.29;0.11;0.22;0.28;-0.08;0.20
149.80;0.29;0.11;0.21;0.28;-0.08;0.19
149.84;0.29;0.11;0.21;0.28;-0.08;0.19
149.88;0.29;0.11;0.21;0.27;-0.08;0.19
149.92;0.29;0.11;0.21;0.27;-0.08;0.19
149.96;0.29;0.11;0.21;0.27;-0.08;0.19
150.00;0.29;0.11;0.21;0.27;-0.08;0.19
150.04;0.29;0.11;0.21;0.27;-0.08;0.19
150.08;0.29;0.11;0.21;0.27;-0.08;0.18
150.12;0.29;0.11;0.21;0.27;-0.07;0.18
150.16;0.29;0.11;0.21;0.27;-0.07;0.18
150.20;0.29;0.11;0.21;0.27;-0.06;0.18
150.24;0.29;0.11;0.21;0.27;-0.05;0.18
150.28;0.29;0.11;0.21;0.27;-0.05;0.18
150.32;0.29;0.11;0.21;0.27;-0.05;0.18
150.36;0.29;0.11;0.21;0.27;-0.04;0.18
150.40;0.29;0.11;0.21;0.27;-0.04;0.18
150.44;0.29;0.11;0.21;0.27;-0.04;0.17
150.48;0.29;0.11;0.21;0.27;-0.04;0.17
150.52;0.29;0.11;0.21;0.27;-0.04;0.17
150.56;0.29;0.11;0.21;0.27;-0.04;0.17
150.60;0.29;0.11;0.21;0.27;-0.04;0.17
150.64;0.29;0.11;0.21;0.26;-0.04;0.17
150.68;0.29;0.11;0.21;0.26;-0.04;0.17
150.72;0.29;0.11;0.21;0.26;-0.04;0.17
150.76;0.29;0.11;0.21;0.25;-0.04;0.17
150.80;0.29;0.11;0.21;0.24;-0.02;0.17
150.84;0.29;0.11;0.21;0.24;-0.00;0.17
150.88;0.29;0.11;0.21;0.24;0.00;0.17
150.92;0.29;0.11;0.21;0.23;0.01;0.17
150.96;0.29;0.11;0.21;0.23;0.02;0.16
151.00;0.29;0.11;0.21;0.23;0.02;0.16
151.04;0.29;0.11;0.21;0.23;0.03;0.16
151.08;0.29;0.11;0.21;0.23;0.03;0.15
151.12;0.29;0.11;0.21;0.23;0.03;0.15
151.16;0.29;0.11;0.21;0.22;0.03;0.14
151.20;0.29;0.11;0.21;0.21;0.03;0.14
151.24;0.29;0.11;0.21;0.21;0.03;0.14
151.28;0.29;0.11;0.20;0.21;0.03;0.14
151.32;0.29;0.11;0.20;0.21;0.03;0.14
151.36;0.29;0.11;0.20;0.21;0.03;0.13
151.40;0.29;0.11;0.19;0.21;0.03;0.13
151.44;0.29;0.11;0.19;0.21;0.03;0.13
151.48;0.29;0.11;0.19;0.20;0.03;0.12
151.52;0.29;0.11;0.18;0.20;0.03;0.12
151.56;0.29;0.11;0.18;0.20;0.03;0.12
151.60;0.29;0.11;0.17;0.20;0.03;0.12
151.64;0.29;0.11;0.17;0.19;0.03;0.12
151.68;0.29;0.11;0.15;0.17;0.03;0.12
151.72;0.29;0.11;0.12;0.16;0.03;0.12
151.76;0.29;0.11;0.11;0.16;0.03;0.12
151.80;0.29;0.11;0.10;0.16;0.03;0.12
151.84;0.29;0.11;0.10;0.16;0.03;0.13
151.88;0.29;0.11;0.08;0.16;0.03;0.13
151.92;0.29;0.11;0.08;0.16;0.03;0.13
151.96;0.29;0.11;0.07;0.16;0.03;0.13
152.00;0.29;0.11;0.06;0.16;0.03;0.13
152.04;0.29;0.11;0.06;0.16;0.03;0.13
152.08;0.29;0.11;0.05;0.16;0.03;0.13
152.12;0.29;0.11;0.04;0.15;0.03;0.14
152.16;0.29;0.11;0.04;0.15;0.03;0.14
152.20;0.29;0.11;0.03;0.15;0.03;0.15
152.24;0.29;0.11;0.02;0.15;0.03;0.15
152.28;0.29;0.11;0.02;0.15;0.03;0.15
152.32;0.29;0.11;0.02;0.14;0.03;0.15
152.36;0.29;0.11;0.02;0.14;0.03;0.15
152.40;0.29;0.11;0.01;0.13;0.03;0.15
152.44;0.29;0.11;0.01;0.13;0.03;0.15
152.48;0.29;0.11;0.01;0.12;0.03;0.14
152.52;0.29;0.11;0.01;0.12;0.03;0.14
152.56;0.29;0.11;0.00;0.11;0.03;0.13
152.60;0.28;0.11;0.00;0.11;0.03;0.13
152.64;0.25;0.11;0.00;0.11;0.03;0.13
152.68;0.24;0.11;-0.01;0.10;0.03;0.12
152.72;0.24;0.11;-0.01;0.09;0.03;0.12
152.76;0.23;0.11;-0.01;0.08;0.03;0.12
152.80;0.22;0.11;-0.01;0.08;0.03;0.12
152.84;0.21;0.11;-0.02;0.07;0.03;0.12
152.88;0.20;0.11;-0.02;0.06;0.03;0.12
152.92;0.20;0.11;-0.02;0.05;0.03;0.12
152.96;0.20;0.11;-0.02;0.03;0.03;0.12
153.00;0.20;0.11;-0.02;0.02;0.03;0.12
153.04;0.20;0.11;-0.02;0.02;0.03;0.12
153.08;0.20;0.11;-0.02;0.02;0.03;0.12
153.12;0.20;0.11;-0.02;0.02;0.03;0.12
153.16;0.20;0.11;-0.02;0.01;0.03;0.13
153.20;0.20;0.11;-0.02;0.00;0.03;0.14
153.24;0.19;0.11;-0.02;0.00;0.03;0.14
153.28;0.18;0.11;-0.02;-0.01;0.03;0.15
153.32;0.18;0.11;-0.02;-0.01;0.03;0.15
153.36;0.18;0.11;-0.02;-0.01;0.03;0.16
153.40;0.18;0.11;-0.02;-0.02;0.03;0.16
153.44;0.17;0.11;-0.02;-0.02;0.03;0.16
153.48;0.17;0.11;-0.02;-0.02;0.03;0.17
153.52;0.14;0.11;-0.02;-0.03;0.03;0.17
153.56;0.12;0.11;-0.02;-0.03;0.03;0.17
153.60;0.11;0.11;-0.02;-0.03;0.03;0.18
153.64;0.10;0.11;-0.02;-0.03;0.03;0.18
153.68;0.08;0.11;-0.02;-0.03;0.03;0.18
153.72;0.07;0.11;-0.02;-0.03;0.03;0.18
153.76;0.05;0.11;-0.02;-0.03;0.03;0.18
153.80;0.03;0.11;-0.02;-0.03;0.03;0.18
153.84;0.02;0.11;-0.02;-0.03;0.03;0.18
153.88;0.02;0.11;-0.02;-0.03;0.03;0.18
153.92;0.02;0.11;-0.02;-0.03;0.03;0.18
153.96;0.01;0.11;-0.02;-0.03;0.03;0.18
154.00;0.01;0.11;-0.02;-0.03;0.03;0.18
154.04;0.01;0.11;-0.02;-0.03;0.03;0.18
154.08;0.01;0.11;-0.02;-0.03;0.03;0.18
154.12;0.01;0.11;-0.02;-0.03;0.03;0.18
154.16;0.01;0.11;-0.02;-0.03;0.02;0.18
154.20;0.01;0.11;-0.02;-0.03;0.02;0.18
154.24;0.01;0.11;-0.02;-0.03;0.02;0.18
154.28;0.01;0.11;-0.02;-0.02;0.02;0.18
154.32;0.01;0.11;-0.02;-0.02;0.02;0.17
154.36;0.00;0.11;-0.02;-0.02;0.02;0.17
154.40;0.00;0.11;-0.02;-0.02;0.02;0.17
154.44;0.00;0.11;-0.02;-0.02;0.02;0.17
154.48;-0.00;0.11;-0.02;-0.02;0.02;0.16
154.52;-0.00;0.11;-0.02;-0.02;0.02;0.16
154.56;-0.00;0.11;-0.02;-0.02;0.02;0.16
154.60;-0.00;0.11;-0.02;-0.02;0.02;0.16
154.64;-0.00;0.11;-0.02;-0.02;0.02;0.15
154.68;-0.00;0.11;-0.02;-0.02;0.02;0.15
154.72;-0.00;0.11;-0.02;-0.01;0.02;0.15
154.76;-0.00;0.11;-0.02;-0.01;0.02;0.15
154.80;-0.00;0.11;-0.02;-0.01;-0.01;0.15
154.84;-0.01;0.11;-0.02;-0.01;-0.04;0.14
154.88;-0.01;0.11;-0.02;-0.01;-0.06;0.14
154.92;-0.01;0.11;-0.02;-0.01;-0.08;0.14
154.96;-0.01;0.11;-0.02;-0.01;-0.10;0.14
155.00;-0.01;0.11;-0.02;-0.01;-0.10;0.14
155.04;-0.01;0.11;-0.02;-0.01;-0.10;0.14
155.08;-0.01;0.11;-0.02;-0.01;-0.10;0.13
155.12;-0.01;0.11;-0.02;-0.01;-0.10;0.13
155.16;-0.01;0.11;-0.02;-0.01;-0.10;0.13
155.20;-0.01;0.11;-0.02;-0.01;-0.10;0.13
155.24;-0.01;0.11;-0.02;-0.01;-0.10;0.13
155.28;-0.01;0.11;-0.02;-0.01;-0.10;0.13
155.32;-0.02;0.11;-0.02;-0.01;-0.10;0.13
155.36;-0.02;0.11;-0.02;0.00;-0.10;0.13
155.40;-0.03;0.11;-0.02;0.00;-0.10;0.13
155.44;-0.03;0.11;-0.01;0.00;-0.10;0.13
155.48;-0.04;0.11;-0.01;0.00;-0.10;0.13
155.52;-0.05;0.11;-0.01;0.00;-0.10;0.13
155.56;-0.05;0.11;-0.01;0.00;-0.10;0.13
155.60;-0.06;0.11;-0.01;0.00;-0.10;0.13
155.64;-0.06;0.11;-0.01;0.00;-0.10;0.13
155.68;-0.07;0.11;-0.01;0.00;-0.10;0.13
155.72;-0.08;0.11;-0.01;0.00;-0.10;0.13
155.76;-0.08;0.11;-0.01;0.00;-0.10;0.13
155.80;-0.08;0.11;-0.01;0.00;-0.10;0.13
155.84;-0.08;0.11;-0.01;0.00;-0.10;0.13
155.88;-0.08;0.11;-0.01;0.00;-0.10;0.13
155.92;-0.08;0.11;-0.01;0.00;-0.10;0.13
155.96;-0.08;0.11;-0.01;0.00;-0.12;0.13
156.00;-0.08;0.11;-0.01;0.00;-0.13;0.13
156.04;-0.08;0.11;-0.01;0.00;-0.13;0.13
156.08;-0.06;0.11;-0.01;0.00;-0.13;0.13
156.12;-0.03;0.11;-0.01;0.00;-0.13;0.13
156.16;0.01;0.11;-0.01;0.00;-0.14;0.13
156.20;0.04;0.11;-0.01;0.00;-0.14;0.13
156.24;0.04;0.11;-0.01;0.00;-0.15;0.14
156.28;0.04;0.11;-0.01;0.00;-0.15;0.14
156.32;0.04;0.11;-0.01;0.00;-0.15;0.14
156.36;0.04;0.11;-0.01;0.01;-0.15;0.14
156.40;0.04;0.11;-0.01;0.01;-0.15;0.14
156.44;0.04;0.11;-0.01;0.01;-0.15;0.14
156.48;0.04;0.11;-0.01;0.02;-0.15;0.15
156.52;0.04;0.11;-0.01;0.02;-0.15;0.15
156.56;0.04;0.11;-0.01;0.02;-0.15;0.16
156.60;0.04;0.11;-0.01;0.03;-0.15;0.17
156.64;0.03;0.11;-0.01;0.03;-0.15;0.17
156.68;0.03;0.10;-0.01;0.03;-0.15;0.17
156.72;0.03;0.10;-0.01;0.03;-0.15;0.18
156.76;0.03;0.10;-0.01;0.03;-0.15;0.18
156.80;0.03;0.10;-0.01;0.03;-0.15;0.18
156.84;0.03;0.10;-0.01;0.03;-0.15;0.18
156.88;0.03;0.10;-0.01;0.03;-0.15;0.18
156.92;0.03;0.10;-0.01;0.03;-0.15;0.18
156.96;0.03;0.10;-0.01;0.03;-0.15;0.19
157.00;0.03;0.10;-0.01;0.03;-0.15;0.19
157.04;0.03;0.10;-0.01;0.03;-0.15;0.19
157.08;0.03;0.10;-0.01;0.03;-0.15;0.19
157.12;0.03;0.10;-0.01;0.03;-0.15;0.19
157.16;0.03;0.10;-0.01;0.03;-0.15;0.19
157.20;0.03;0.10;-0.01;0.03;-0.15;0.19
157.24;0.03;0.10;-0.01;0.03;-0.12;0.19
157.28;0.03;0.10;-0.01;0.03;-0.08;0.19
157.32;0.03;0.10;-0.01;0.04;-0.05;0.19
157.36;0.03;0.10;-0.01;0.04;-0.03;0.19
157.40;0.03;0.10;-0.01;0.04;-0.02;0.19
157.44;0.03;0.10;-0.01;0.04;-0.02;0.19
157.48;0.03;0.10;-0.01;0.04;-0.02;0.18
157.52;0.03;0.10;-0.01;0.04;-0.02;0.18
157.56;0.03;0.10;-0.01;0.04;-0.02;0.18
157.60;0.03;0.10;-0.01;0.04;-0.02;0.18
157.64;0.03;0.10;-0.01;0.04;-0.02;0.18
157.68;0.03;0.10;-0.01;0.04;-0.02;0.18
157.72;0.03;0.10;-0.01;0.04;-0.02;0.18
157.76;0.03;0.10;-0.01;0.04;-0.02;0.18
157.80;0.03;0.10;-0.01;0.04;-0.02;0.18
157.84;0.03;0.10;-0.01;0.04;-0.02;0.18
157.88;0.03;0.10;-0.01;0.04;-0.01;0.18
157.92;0.03;0.10;-0.01;0.04;0.01;0.18
157.96;0.03;0.10;-0.01;0.04;0.01;0.18
158.00;0.03;0.10;-0.01;0.04;0.01;0.18
158.04;0.03;0.10;-0.01;0.05;0.01;0.18
158.08;0.03;0.10;-0.01;0.05;0.01;0.18
158.12;0.02;0.10;-0.01;0.05;0.01;0.18
158.16;0.02;0.10;0.00;0.05;0.01;0.18
158.20;0.02;0.10;0.00;0.05;0.01;0.18
158.24;0.02;0.10;0.00;0.05;0.01;0.18
158.28;0.02;0.10;0.00;0.05;0.01;0.18
158.32;0.02;0.10;0.00;0.05;0.01;0.18
158.36;0.02;0.09;0.00;0.05;0.01;0.18
158.40;0.02;0.09;0.00;0.05;0.01;0.18
158.44;0.02;0.09;0.00;0.05;0.01;0.18
158.48;0.02;0.08;0.00;0.05;0.01;0.18
158.52;0.02;0.08;0.00;0.05;0.01;0.18
158.56;0.02;0.08;0.00;0.06;0.01;0.18
158.60;0.02;0.08;0.00;0.06;0.01;0.18
158.64;0.02;0.08;0.00;0.06;0.01;0.18
158.68;0.02;0.07;0.00;0.06;0.01;0.18
158.72;0.02;0.07;0.00;0.06;0.01;0.18
158.76;0.02;0.07;0.00;0.06;0.01;0.18
158.80;0.02;0.07;0.00;0.06;0.01;0.18
158.84;0.02;0.07;0.00;0.06;0.01;0.18
158.88;0.02;0.07;0.00;0.06;0.01;0.18
158.92;0.02;0.07;0.00;0.06;0.01;0.18
158.96;0.02;0.06;0.00;0.06;0.01;0.18
159.00;0.02;0.04;0.00;0.06;0.01;0.18
159.04;0.02;0.04;0.00;0.06;0.01;0.18
159.08;0.02;0.04;0.00;0.06;0.01;0.18
159.12;0.02;0.04;0.00;0.06;0.01;0.18
159.16;0.02;0.03;0.00;0.06;0.01;0.18
159.20;0.02;0.03;0.00;0.06;0.01;0.18
159.24;0.02;0.03;0.00;0.06;0.01;0.18
159.28;0.02;0.03;0.00;0.06;0.01;0.18
159.32;0.02;0.03;0.00;0.06;0.01;0.18
159.36;0.02;0.03;0.00;0.06;0.01;0.18
159.40;0.02;0.03;0.00;0.06;0.01;0.18
159.44;0.02;0.03;0.00;0.06;0.01;0.18
159.48;0.02;0.03;0.00;0.06;0.02;0.18
159.52;0.02;0.03;0.00;0.06;0.02;0.18
159.56;0.02;0.03;0.00;0.06;0.02;0.18
159.60;0.02;0.03;0.00;0.06;0.02;0.18
159.64;0.02;0.03;0.00;0.06;0.02;0.18
159.68;0.02;0.03;0.00;0.06;0.02;0.18
159.72;0.02;0.03;0.00;0.06;0.02;0.18
159.76;0.01;0.03;0.00;0.06;0.02;0.18
159.80;0.01;0.03;0.00;0.06;0.02;0.18
159.84;0.01;0.03;0.00;0.06;0.03;0.18
159.88;0.01;0.03;0.00;0.06;0.03;0.18
159.92;0.01;0.03;0.00;0.06;0.04;0.18
159.96;0.01;0.03;0.00;0.06;0.04;0.18
160.00;0.01;0.03;0.00;0.06;0.08;0.18
160.04;0.01;0.03;0.00;0.06;0.10;0.18
160.08;0.01;0.03;0.00;0.06;0.11;0.18
160.12;0.01;0.03;0.00;0.06;0.11;0.18
160.16;0.01;0.03;0.00;0.06;0.11;0.18
160.20;0.01;0.03;0.00;0.06;0.11;0.18
160.24;0.01;0.03;0.00;0.06;0.11;0.18
160.28;0.01;0.03;0.00;0.06;0.11;0.18
160.32;0.01;0.03;0.00;0.06;0.11;0.18
160.36;0.01;0.03;0.00;0.07;0.10;0.18
160.40;0.01;0.03;0.00;0.07;0.10;0.18
160.44;0.01;0.03;0.00;0.07;0.10;0.18
160.48;0.01;0.03;0.00;0.07;0.10;0.18
160.52;0.01;0.03;0.00;0.07;0.10;0.18
160.56;0.01;0.03;0.00;0.07;0.10;0.18
160.60;0.01;0.03;0.00;0.07;0.10;0.18
160.64;0.01;0.03;0.00;0.07;0.10;0.18
160.68;0.01;0.03;0.00;0.07;0.11;0.18
160.72;0.01;0.03;0.00;0.07;0.11;0.18
160.76;0.01;0.03;0.00;0.07;0.11;0.18
160.80;0.01;0.03;0.00;0.07;0.11;0.18
160.84;0.01;0.03;0.00;0.07;0.11;0.18
160.88;0.01;0.03;0.00;0.07;0.12;0.18
160.92;0.01;0.03;0.00;0.07;0.13;0.18
160.96;0.01;0.03;0.00;0.07;0.14;0.18
161.00;0.01;0.03;0.00;0.07;0.14;0.18
161.04;0.01;0.03;0.00;0.07;0.15;0.18
161.08;0.01;0.03;0.00;0.07;0.15;0.18
161.12;0.01;0.03;0.00;0.07;0.15;0.18
161.16;0.01;0.03;0.00;0.07;0.15;0.18
161.20;0.01;0.03;0.00;0.07;0.15;0.18
161.24;0.01;0.03;0.00;0.07;0.15;0.18
161.28;0.01;0.03;0.00;0.07;0.15;0.18
161.32;0.01;0.03;0.00;0.07;0.15;0.18
161.36;0.01;0.03;0.00;0.07;0.15;0.18
161.40;0.01;0.03;0.00;0.07;0.15;0.18
161.44;0.01;0.03;0.00;0.07;0.15;0.18
161.48;0.01;0.03;0.00;0.07;0.15;0.18
161.52;0.01;0.03;0.00;0.07;0.14;0.18
161.56;0.01;0.03;0.00;0.07;0.14;0.18
161.60;0.01;0.03;0.00;0.07;0.14;0.18
161.64;0.01;0.03;0.00;0.07;0.14;0.18
161.68;0.01;0.02;0.00;0.07;0.14;0.18
161.72;0.01;0.02;0.00;0.07;0.14;0.18
161.76;0.01;0.02;0.00;0.07;0.14;0.18
161.80;0.01;0.02;0.00;0.07;0.14;0.18
161.84;0.01;0.01;0.00;0.07;0.13;0.18
161.88;0.01;0.01;0.00;0.07;0.13;0.18
161.92;0.01;0.01;0.00;0.07;0.13;0.18
161.96;0.01;0.01;0.00;0.07;0.12;0.18
162.00;0.01;0.01;0.00;0.07;0.11;0.18
162.04;0.01;0.01;0.00;0.07;0.11;0.18
162.08;0.01;0.01;0.00;0.07;0.10;0.18
162.12;0.01;0.01;0.00;0.07;0.10;0.18
162.16;0.01;0.01;0.00;0.07;0.10;0.18
162.20;0.01;0.01;0.00;0.07;0.10;0.18
162.24;0.01;0.01;0.00;0.07;0.10;0.18
162.28;0.01;0.01;0.00;0.07;0.10;0.18
162.32;0.01;0.01;0.00;0.07;0.10;0.18
162.36;0.01;0.01;0.00;0.07;0.10;0.18
162.40;0.01;0.01;0.00;0.07;0.10;0.18
162.44;0.01;0.01;0.00;0.07;0.10;0.18
162.48;0.01;0.01;0.00;0.07;0.10;0.18
162.52;0.01;0.01;0.00;0.07;0.10;0.18
162.56;0.01;0.01;0.00;0.07;0.10;0.18
162.60;0.01;0.01;0.00;0.07;0.10;0.18
162.64;0.01;0.01;0.00;0.07;0.10;0.18
162.68;0.01;0.01;0.00;0.07;0.10;0.18
162.72;0.01;0.01;0.00;0.07;0.10;0.18
162.76;0.01;0.01;0.00;0.07;0.10;0.18
162.80;0.01;0.01;0.00;0.07;0.10;0.18
162.84;0.01;0.01;0.00;0.07;0.10;0.18
162.88;0.01;0.01;0.00;0.07;0.10;0.18
162.92;0.01;0.01;0.00;0.07;0.10;0.18
162.96;0.01;0.01;0.00;0.07;0.10;0.18
163.00;0.01;0.01;0.00;0.07;0.10;0.18
163.04;0.01;0.01;0.00;0.07;0.10;0.18
163.08;0.01;0.01;0.00;0.07;0.10;0.18
163.12;0.01;0.01;0.00;0.07;0.10;0.18
163.16;0.01;0.01;0.00;0.07;0.07;0.18
163.20;0.01;0.01;0.00;0.07;0.05;0.18
163.24;0.00;0.01;0.00;0.07;0.05;0.18
163.28;0.00;0.01;0.00;0.07;0.04;0.18
163.32;0.00;0.01;0.00;0.07;0.03;0.18
163.36;0.00;0.01;0.00;0.07;0.03;0.18
163.40;0.00;0.01;0.00;0.07;0.02;0.18
163.44;0.00;0.01;0.00;0.08;0.02;0.18
163.48;0.00;0.01;0.00;0.08;0.02;0.18
163.52;0.00;0.01;0.00;0.08;0.02;0.18
163.56;0.00;0.01;0.00;0.08;0.02;0.18
163.60;0.00;0.01;0.00;0.08;0.02;0.18
163.64;-0.02;0.01;0.00;0.08;0.02;0.18
163.68;-0.04;0.01;0.00;0.08;0.02;0.18
163.72;-0.06;0.01;0.00;0.08;0.02;0.18
163.76;-0.07;0.01;0.00;0.08;0.02;0.18
163.80;-0.08;0.01;0.00;0.08;0.02;0.18
163.84;-0.10;0.01;0.00;0.08;0.02;0.18
163.88;-0.11;0.01;0.00;0.08;0.02;0.18
163.92;-0.12;0.01;0.00;0.08;0.02;0.18
163.96;-0.12;0.01;0.00;0.08;0.02;0.18
164.00;-0.13;0.01;0.00;0.08;0.02;0.18
164.04;-0.13;0.01;0.00;0.08;0.02;0.18
164.08;-0.14;0.01;0.00;0.08;0.02;0.18
164.12;-0.14;0.01;0.00;0.08;0.02;0.18
164.16;-0.14;0.01;0.00;0.08;0.02;0.18
164.20;-0.14;0.01;0.00;0.08;0.01;0.18
164.24;-0.14;0.01;0.00;0.08;-0.00;0.18
164.28;-0.14;0.01;0.00;0.08;-0.03;0.18
164.32;-0.14;0.01;0.00;0.08;-0.04;0.18
164.36;-0.15;0.01;0.00;0.08;-0.05;0.18
164.40;-0.15;0.01;0.00;0.08;-0.05;0.18
164.44;-0.16;0.01;0.00;0.08;-0.05;0.18
164.48;-0.17;0.01;0.00;0.08;-0.05;0.18
164.52;-0.18;0.01;0.00;0.08;-0.05;0.18
164.56;-0.18;0.01;0.00;0.08;-0.05;0.18
164.60;-0.18;0.01;0.00;0.08;-0.05;0.18
164.64;-0.18;0.01;0.00;0.08;-0.05;0.18
164.68;-0.18;0.01;0.00;0.08;-0.05;0.18
164.72;-0.18;0.01;0.00;0.08;-0.05;0.18
164.76;-0.18;0.01;0.00;0.08;-0.05;0.18
164.80;-0.18;0.01;0.00;0.08;-0.05;0.18
164.84;-0.18;0.01;0.00;0.08;-0.05;0.18
164.88;-0.18;0.01;0.00;0.08;-0.05;0.18
164.92;-0.18;0.01;0.00;0.08;-0.05;0.18
164.96;-0.18;0.01;0.00;0.08;-0.05;0.18
165.00;-0.18;0.01;0.00;0.08;-0.05;0.18
165.04;-0.18;0.01;0.00;0.08;-0.05;0.18
165.08;-0.18;0.01;0.00;0.08;-0.05;0.18
165.12;-0.18;0.01;0.00;0.08;-0.05;0.18
165.16;-0.18;0.01;0.00;0.08;-0.05;0.18
165.20;-0.18;0.01;0.00;0.08;-0.05;0.18
165.24;-0.18;0.01;0.00;0.08;-0.05;0.18
165.28;-0.18;0.01;0.00;0.08;-0.05;0.18
165.32;-0.18;0.01;0.00;0.08;-0.05;0.18
165.36;-0.18;0.01;0.00;0.08;-0.05;0.18
165.40;-0.18;0.01;0.00;0.08;-0.05;0.18
165.44;-0.18;0.01;0.00;0.08;-0.06;0.18
165.48;-0.18;0.01;0.00;0.08;-0.08;0.18
165.52;-0.18;0.01;0.00;0.08;-0.09;0.18
165.56;-0.18;0.01;0.00;0.08;-0.09;0.18
165.60;-0.18;0.01;0.00;0.08;-0.09;0.18
165.64;-0.18;0.01;-0.01;0.08;-0.09;0.18
165.68;-0.18;0.01;-0.01;0.08;-0.09;0.18
165.72;-0.18;0.01;-0.01;0.08;-0.09;0.18
165.76;-0.18;0.01;-0.01;0.08;-0.09;0.18
165.80;-0.18;0.01;-0.01;0.08;-0.09;0.18
165.84;-0.18;0.01;-0.01;0.08;-0.09;0.18
165.88;-0.18;0.01;-0.01;0.08;-0.09;0.18
165.92;-0.18;0.01;-0.01;0.08;-0.09;0.18
165.96;-0.18;0.01;-0.01;0.08;-0.09;0.18
166.00;-0.18;0.01;-0.02;0.08;-0.09;0.18
166.04;-0.18;0.01;-0.02;0.08;-0.09;0.18
166.08;-0.18;0.01;-0.03;0.08;-0.09;0.18
166.12;-0.18;0.01;-0.03;0.08;-0.09;0.18
166.16;-0.18;0.01;-0.03;0.08;-0.09;0.18
166.20;-0.18;0.01;-0.03;0.08;-0.09;0.18
166.24;-0.18;0.01;-0.03;0.08;-0.09;0.18
166.28;-0.18;0.01;-0.03;0.08;-0.09;0.18
166.32;-0.18;0.01;-0.03;0.09;-0.09;0.18
166.36;-0.18;0.01;-0.03;0.09;-0.09;0.18
166.40;-0.18;0.01;-0.03;0.09;-0.09;0.18
166.44;-0.18;0.01;-0.03;0.09;-0.09;0.18
166.48;-0.19;0.01;-0.03;0.09;-0.09;0.18
166.52;-0.19;0.01;-0.03;0.09;-0.09;0.18
166.56;-0.20;0.01;-0.03;0.09;-0.09;0.18
166.60;-0.21;0.01;-0.04;0.09;-0.09;0.18
166.64;-0.21;0.01;-0.04;0.09;-0.09;0.18
166.68;-0.21;0.01;-0.04;0.09;-0.10;0.18
166.72;-0.21;0.01;-0.04;0.09;-0.10;0.18
166.76;-0.22;0.01;-0.04;0.09;-0.10;0.18
166.80;-0.22;0.01;-0.04;0.09;-0.10;0.18
166.84;-0.22;0.01;-0.05;0.09;-0.10;0.18
166.88;-0.22;0.01;-0.05;0.09;-0.10;0.18
166.92;-0.22;0.01;-0.05;0.09;-0.10;0.18
166.96;-0.22;0.00;-0.05;0.09;-0.10;0.18
167.00;-0.22;0.00;-0.06;0.09;-0.10;0.18
167.04;-0.22;0.00;-0.06;0.09;-0.10;0.18
167.08;-0.22;0.00;-0.06;0.09;-0.11;0.18
167.12;-0.22;-0.01;-0.06;0.09;-0.12;0.18
167.16;-0.22;-0.01;-0.06;0.09;-0.13;0.18
167.20;-0.22;-0.01;-0.06;0.09;-0.14;0.18
167.24;-0.22;-0.01;-0.07;0.09;-0.15;0.18
167.28;-0.22;-0.01;-0.07;0.09;-0.15;0.18
167.32;-0.22;-0.01;-0.07;0.09;-0.15;0.18
167.36;-0.22;-0.01;-0.07;0.09;-0.15;0.18
167.40;-0.21;-0.01;-0.07;0.09;-0.15;0.18
167.44;-0.20;-0.01;-0.07;0.09;-0.15;0.18
167.48;-0.18;-0.01;-0.07;0.09;-0.15;0.18
167.52;-0.15;-0.01;-0.07;0.09;-0.15;0.18
167.56;-0.13;-0.01;-0.07;0.09;-0.15;0.18
167.60;-0.10;0.01;-0.07;0.09;-0.15;0.18
167.64;-0.07;0.05;-0.07;0.09;-0.15;0.18
167.68;-0.05;0.06;-0.07;0.09;-0.15;0.18
167.72;-0.04;0.07;-0.07;0.09;-0.14;0.18
167.76;-0.03;0.07;-0.07;0.09;-0.14;0.18
167.80;-0.01;0.08;-0.07;0.09;-0.13;0.18
167.84;-0.00;0.09;-0.07;0.09;-0.12;0.18
167.88;0.01;0.10;-0.07;0.09;-0.11;0.18
167.92;0.01;0.11;-0.07;0.09;-0.11;0.18
167.96;0.02;0.11;-0.07;0.09;-0.11;0.18
168.00;0.02;0.11;-0.07;0.10;-0.11;0.18
168.04;0.03;0.12;-0.07;0.10;-0.11;0.18
168.08;0.03;0.13;-0.07;0.10;-0.11;0.18
168.12;0.04;0.14;-0.07;0.10;-0.11;0.18
168.16;0.04;0.15;-0.07;0.10;-0.11;0.18
168.20;0.06;0.20;-0.07;0.10;-0.11;0.18
168.24;0.07;0.23;-0.07;0.10;-0.11;0.18
168.28;0.07;0.24;-0.07;0.10;-0.11;0.18
168.32;0.09;0.30;-0.07;0.10;-0.11;0.18
168.36;0.10;0.36;-0.07;0.10;-0.11;0.18
168.40;0.11;0.36;-0.07;0.11;-0.11;0.18
168.44;0.11;0.36;-0.07;0.12;-0.11;0.18
168.48;0.11;0.36;-0.07;0.13;-0.11;0.18
168.52;0.11;0.36;-0.06;0.13;-0.11;0.18
168.56;0.11;0.36;-0.03;0.13;-0.11;0.18
168.60;0.11;0.36;-0.02;0.13;-0.11;0.18
168.64;0.11;0.36;0.01;0.13;-0.11;0.18
168.68;0.11;0.36;0.04;0.13;-0.11;0.18
168.72;0.11;0.36;0.05;0.13;-0.11;0.18
168.76;0.11;0.36;0.07;0.14;-0.11;0.18
168.80;0.11;0.36;0.07;0.14;-0.11;0.18
168.84;0.11;0.36;0.08;0.14;-0.11;0.18
168.88;0.11;0.36;0.08;0.14;-0.11;0.18
168.92;0.11;0.36;0.09;0.14;-0.11;0.19
168.96;0.11;0.35;0.10;0.14;-0.11;0.19
169.00;0.11;0.35;0.11;0.14;-0.11;0.19
169.04;0.10;0.35;0.11;0.14;-0.11;0.19
169.08;0.10;0.34;0.12;0.14;-0.11;0.20
169.12;0.10;0.34;0.13;0.14;-0.11;0.20
169.16;0.10;0.34;0.14;0.14;-0.11;0.20
169.20;0.10;0.34;0.15;0.14;-0.11;0.20
169.24;0.10;0.34;0.16;0.15;-0.11;0.21
169.28;0.10;0.34;0.17;0.15;-0.11;0.21
169.32;0.10;0.34;0.18;0.16;-0.11;0.21
169.36;0.10;0.34;0.19;0.16;-0.11;0.21
169.40;0.10;0.34;0.20;0.16;-0.11;0.22
169.44;0.10;0.34;0.21;0.16;-0.11;0.22
169.48;0.10;0.34;0.22;0.16;-0.11;0.22
169.52;0.10;0.34;0.23;0.16;-0.12;0.22
169.56;0.10;0.34;0.23;0.16;-0.12;0.23
169.60;0.10;0.34;0.24;0.16;-0.12;0.23
169.64;0.10;0.34;0.24;0.17;-0.13;0.23
169.68;0.10;0.34;0.25;0.17;-0.13;0.23
169.72;0.10;0.34;0.25;0.17;-0.14;0.23
169.76;0.10;0.34;0.25;0.18;-0.14;0.23
169.80;0.10;0.34;0.25;0.19;-0.14;0.23
169.84;0.10;0.34;0.25;0.19;-0.14;0.23
169.88;0.10;0.34;0.26;0.19;-0.14;0.23
169.92;0.10;0.34;0.27;0.19;-0.14;0.23
169.96;0.10;0.34;0.27;0.19;-0.14;0.23
170.00;0.10;0.34;0.27;0.19;-0.14;0.23
170.04;0.10;0.34;0.28;0.19;-0.14;0.23
170.08;0.10;0.34;0.28;0.19;-0.14;0.24
170.12;0.10;0.34;0.29;0.19;-0.14;0.24
170.16;0.10;0.33;0.29;0.19;-0.14;0.24
170.20;0.10;0.33;0.30;0.19;-0.14;0.24
170.24;0.10;0.32;0.31;0.19;-0.14;0.25
170.28;0.10;0.32;0.32;0.19;-0.14;0.25
170.32;0.10;0.32;0.32;0.19;-0.14;0.25
170.36;0.10;0.32;0.32;0.19;-0.14;0.25
170.40;0.10;0.31;0.32;0.20;-0.15;0.25
170.44;0.10;0.31;0.33;0.20;-0.16;0.25
170.48;0.10;0.30;0.33;0.20;-0.17;0.25
170.52;0.11;0.30;0.34;0.20;-0.17;0.25
170.56;0.15;0.29;0.34;0.20;-0.18;0.25
170.60;0.17;0.29;0.35;0.20;-0.18;0.25
170.64;0.18;0.29;0.35;0.20;-0.18;0.25
170.68;0.19;0.29;0.35;0.20;-0.18;0.25
170.72;0.20;0.29;0.35;0.20;-0.18;0.25
170.76;0.23;0.29;0.36;0.20;-0.18;0.25
170.80;0.25;0.29;0.36;0.21;-0.18;0.25
170.84;0.25;0.29;0.37;0.21;-0.18;0.25
170.88;0.25;0.29;0.37;0.21;-0.18;0.25
170.92;0.25;0.29;0.37;0.21;-0.19;0.25
170.96;0.25;0.28;0.37;0.21;-0.21;0.25
171.00;0.25;0.28;0.38;0.21;-0.25;0.25
171.04;0.25;0.28;0.38;0.21;-0.26;0.25
171.08;0.25;0.28;0.38;0.22;-0.27;0.25
171.12;0.25;0.28;0.38;0.22;-0.27;0.25
171.16;0.25;0.28;0.38;0.22;-0.27;0.25
171.20;0.25;0.28;0.38;0.22;-0.27;0.25
171.24;0.25;0.28;0.39;0.22;-0.27;0.25
171.28;0.25;0.28;0.39;0.22;-0.27;0.25
171.32;0.25;0.28;0.39;0.22;-0.27;0.25
171.36;0.25;0.28;0.39;0.22;-0.26;0.25
171.40;0.25;0.28;0.39;0.22;-0.26;0.25
171.44;0.24;0.28;0.39;0.22;-0.26;0.25
171.48;0.22;0.28;0.39;0.22;-0.26;0.25
171.52;0.20;0.28;0.39;0.22;-0.26;0.25
171.56;0.19;0.28;0.39;0.22;-0.27;0.25
171.60;0.18;0.28;0.39;0.22;-0.28;0.25
171.64;0.18;0.28;0.38;0.22;-0.28;0.25
171.68;0.17;0.29;0.36;0.22;-0.28;0.25
171.72;0.16;0.31;0.36;0.22;-0.28;0.25
171.76;0.14;0.32;0.34;0.22;-0.29;0.25
171.80;0.13;0.32;0.32;0.22;-0.29;0.25
171.84;0.12;0.32;0.30;0.22;-0.29;0.25
171.88;0.11;0.32;0.29;0.22;-0.29;0.25
171.92;0.10;0.32;0.27;0.22;-0.29;0.25
171.96;0.09;0.32;0.25;0.22;-0.29;0.25
172.00;0.09;0.32;0.23;0.22;-0.29;0.25
172.04;0.09;0.32;0.22;0.22;-0.29;0.25
172.08;0.09;0.32;0.21;0.22;-0.29;0.25
172.12;0.09;0.32;0.21;0.23;-0.29;0.25
172.16;0.09;0.32;0.19;0.23;-0.29;0.25
172.20;0.09;0.32;0.18;0.23;-0.29;0.25
172.24;0.09;0.32;0.18;0.23;-0.30;0.25
172.28;0.09;0.32;0.17;0.23;-0.30;0.25
172.32;0.09;0.32;0.16;0.23;-0.30;0.25
172.36;0.09;0.32;0.15;0.23;-0.30;0.25
172.40;0.09;0.32;0.14;0.23;-0.30;0.25
172.44;0.09;0.32;0.11;0.23;-0.31;0.25
172.48;0.10;0.32;0.10;0.23;-0.31;0.25
172.52;0.10;0.32;0.08;0.24;-0.32;0.25
172.56;0.11;0.32;0.07;0.24;-0.32;0.25
172.60;0.13;0.32;0.06;0.24;-0.32;0.25
172.64;0.16;0.32;0.04;0.24;-0.32;0.25
172.68;0.17;0.32;0.04;0.24;-0.32;0.25
172.72;0.19;0.32;0.03;0.24;-0.31;0.25
172.76;0.20;0.32;0.02;0.24;-0.31;0.25
172.80;0.21;0.32;0.02;0.24;-0.31;0.25
172.84;0.22;0.32;0.02;0.24;-0.31;0.25
172.88;0.23;0.32;0.01;0.24;-0.31;0.25
172.92;0.23;0.32;0.01;0.24;-0.31;0.25
172.96;0.24;0.32;0.01;0.25;-0.30;0.25
173.00;0.26;0.32;0.01;0.25;-0.30;0.25
173.04;0.29;0.32;0.01;0.25;-0.29;0.25
173.08;0.31;0.32;0.01;0.25;-0.29;0.25
173.12;0.32;0.31;0.01;0.26;-0.29;0.25
173.16;0.32;0.30;0.01;0.26;-0.29;0.25
173.20;0.32;0.29;0.01;0.27;-0.29;0.25
173.24;0.32;0.28;0.01;0.27;-0.29;0.25
173.28;0.33;0.28;0.01;0.27;-0.29;0.25
173.32;0.33;0.27;0.01;0.28;-0.29;0.25
173.36;0.33;0.27;0.01;0.28;-0.29;0.24
173.40;0.33;0.26;0.01;0.28;-0.29;0.24
173.44;0.33;0.25;0.01;0.28;-0.29;0.24
173.48;0.33;0.25;0.01;0.28;-0.29;0.24
173.52;0.33;0.25;0.00;0.28;-0.29;0.24
173.56;0.33;0.25;0.00;0.29;-0.29;0.24
173.60;0.33;0.25;0.00;0.29;-0.29;0.24
173.64;0.33;0.25;0.00;0.29;-0.29;0.24
173.68;0.33;0.25;0.00;0.29;-0.29;0.24
173.72;0.33;0.25;-0.01;0.29;-0.29;0.24
173.76;0.33;0.24;-0.01;0.29;-0.29;0.24
173.80;0.33;0.24;-0.01;0.29;-0.29;0.24
173.84;0.33;0.24;-0.02;0.29;-0.29;0.24
173.88;0.33;0.24;-0.02;0.29;-0.29;0.24
173.92;0.33;0.24;-0.02;0.29;-0.29;0.24
173.96;0.33;0.24;-0.03;0.29;-0.29;0.24
174.00;0.33;0.24;-0.03;0.29;-0.29;0.24
174.04;0.33;0.24;-0.04;0.29;-0.29;0.24
174.08;0.33;0.24;-0.04;0.30;-0.29;0.23
174.12;0.33;0.24;-0.04;0.30;-0.29;0.23
174.16;0.33;0.24;-0.04;0.30;-0.29;0.23
174.20;0.33;0.24;-0.04;0.30;-0.29;0.23
174.24;0.33;0.24;-0.04;0.30;-0.29;0.23
174.28;0.33;0.24;-0.04;0.30;-0.29;0.23
174.32;0.33;0.23;-0.04;0.30;-0.29;0.23
174.36;0.33;0.23;-0.04;0.30;-0.28;0.23
174.40;0.33;0.23;-0.04;0.30;-0.28;0.23
174.44;0.33;0.23;-0.04;0.30;-0.28;0.23
174.48;0.33;0.23;-0.04;0.30;-0.28;0.23
174.52;0.33;0.23;-0.04;0.30;-0.28;0.23
174.56;0.33;0.23;-0.04;0.30;-0.28;0.23
174.60;0.33;0.23;-0.04;0.30;-0.28;0.23
174.64;0.33;0.23;-0.04;0.30;-0.28;0.23
174.68;0.33;0.23;-0.04;0.30;-0.28;0.23
174.72;0.33;0.23;-0.04;0.30;-0.26;0.23
174.76;0.33;0.23;-0.04;0.30;-0.23;0.23
174.80;0.33;0.23;-0.04;0.30;-0.22;0.23
174.84;0.33;0.23;-0.04;0.30;-0.21;0.23
174.88;0.33;0.23;-0.04;0.30;-0.21;0.23
174.92;0.33;0.23;-0.04;0.30;-0.21;0.23
174.96;0.33;0.23;-0.04;0.30;-0.21;0.23
175.00;0.33;0.23;-0.04;0.30;-0.21;0.23
175.04;0.33;0.23;-0.04;0.30;-0.21;0.23
175.08;0.33;0.23;-0.04;0.30;-0.21;0.23
175.12;0.33;0.23;-0.04;0.30;-0.21;0.23
175.16;0.33;0.23;-0.04;0.30;-0.21;0.23
175.20;0.33;0.23;-0.04;0.30;-0.21;0.23
175.24;0.33;0.23;-0.04;0.30;-0.21;0.23
175.28;0.33;0.23;-0.04;0.30;-0.21;0.23
175.32;0.33;0.23;-0.04;0.30;-0.21;0.23
175.36;0.33;0.22;-0.04;0.30;-0.21;0.23
175.40;0.33;0.22;-0.04;0.30;-0.21;0.23
175.44;0.33;0.22;-0.04;0.30;-0.21;0.23
175.48;0.33;0.22;-0.04;0.30;-0.21;0.23
175.52;0.33;0.22;-0.04;0.30;-0.21;0.23
175.56;0.33;0.22;-0.04;0.30;-0.21;0.23
175.60;0.33;0.22;-0.04;0.30;-0.21;0.23
175.64;0.33;0.22;-0.04;0.30;-0.21;0.23
175.68;0.33;0.22;-0.04;0.30;-0.21;0.23
175.72;0.33;0.22;-0.04;0.30;-0.21;0.23
175.76;0.33;0.22;-0.04;0.30;-0.21;0.23
175.80;0.33;0.22;-0.04;0.30;-0.21;0.23
175.84;0.33;0.22;-0.04;0.30;-0.21;0.23
175.88;0.33;0.22;-0.04;0.30;-0.15;0.23
175.92;0.33;0.22;-0.04;0.30;-0.10;0.23
175.96;0.33;0.22;-0.04;0.30;-0.07;0.23
176.00;0.33;0.22;-0.04;0.30;-0.06;0.23
176.04;0.33;0.22;-0.04;0.30;-0.05;0.23
176.08;0.33;0.22;-0.05;0.30;-0.05;0.23
176.12;0.33;0.22;-0.06;0.30;-0.05;0.23
176.16;0.33;0.22;-0.07;0.30;-0.05;0.23
176.20;0.33;0.22;-0.07;0.30;-0.05;0.23
176.24;0.33;0.22;-0.07;0.30;-0.05;0.23
176.28;0.33;0.22;-0.07;0.30;-0.05;0.23
176.32;0.33;0.22;-0.07;0.30;-0.05;0.23
176.36;0.33;0.22;-0.07;0.30;-0.05;0.23
176.40;0.33;0.22;-0.07;0.30;-0.05;0.23
176.44;0.33;0.22;-0.07;0.30;-0.05;0.23
176.48;0.33;0.21;-0.08;0.30;-0.05;0.23
176.52;0.33;0.21;-0.08;0.30;-0.05;0.23
176.56;0.33;0.21;-0.08;0.30;-0.05;0.23
176.60;0.33;0.21;-0.08;0.30;-0.03;0.23
176.64;0.33;0.21;-0.08;0.30;-0.02;0.23
176.68;0.33;0.21;-0.08;0.30;-0.01;0.23
176.72;0.33;0.21;-0.09;0.30;-0.01;0.23
176.76;0.33;0.20;-0.09;0.30;-0.01;0.23
176.80;0.33;0.20;-0.10;0.30;-0.01;0.23
176.84;0.33;0.20;-0.10;0.30;-0.00;0.23
176.88;0.33;0.19;-0.10;0.30;-0.00;0.23
176.92;0.33;0.18;-0.11;0.30;0.00;0.23
176.96;0.33;0.18;-0.11;0.30;0.00;0.23
177.00;0.33;0.18;-0.12;0.30;0.00;0.23
177.04;0.33;0.17;-0.12;0.30;0.00;0.23
177.08;0.33;0.16;-0.12;0.30;0.00;0.23
177.12;0.33;0.15;-0.13;0.30;0.00;0.23
177.16;0.33;0.13;-0.13;0.30;0.00;0.23
177.20;0.33;0.12;-0.13;0.30;0.00;0.23
177.24;0.33;0.10;-0.13;0.30;0.00;0.23
177.28;0.33;0.09;-0.13;0.30;0.00;0.23
177.32;0.33;0.08;-0.13;0.30;0.00;0.23
177.36;0.33;0.07;-0.13;0.30;0.00;0.23
177.40;0.33;0.05;-0.13;0.30;0.00;0.23
177.44;0.33;0.05;-0.13;0.30;0.00;0.23
177.48;0.33;0.04;-0.13;0.30;0.00;0.23
177.52;0.33;0.04;-0.13;0.30;0.00;0.23
177.56;0.33;0.03;-0.13;0.30;0.00;0.23
177.60;0.33;0.03;-0.13;0.30;0.00;0.23
177.64;0.33;0.03;-0.13;0.30;0.00;0.23
177.68;0.33;0.03;-0.13;0.30;0.00;0.23
177.72;0.33;0.03;-0.13;0.30;0.00;0.22
177.76;0.33;0.03;-0.13;0.30;0.00;0.22
177.80;0.33;0.03;-0.13;0.30;0.00;0.22
177.84;0.33;0.03;-0.13;0.30;0.00;0.22
177.88;0.33;0.03;-0.13;0.30;0.00;0.22
177.92;0.33;0.03;-0.13;0.30;0.00;0.22
177.96;0.33;0.03;-0.13;0.30;0.00;0.22
178.00;0.33;0.03;-0.13;0.30;0.02;0.22
178.04;0.33;0.03;-0.13;0.30;0.04;0.22
178.08;0.33;0.03;-0.13;0.30;0.05;0.22
178.12;0.33;0.03;-0.13;0.30;0.05;0.22
178.16;0.33;0.03;-0.13;0.30;0.05;0.22
178.20;0.33;0.03;-0.13;0.30;0.06;0.22
178.24;0.33;0.03;-0.13;0.30;0.06;0.22
178.28;0.33;0.03;-0.13;0.30;0.06;0.22
178.32;0.33;0.03;-0.13;0.30;0.06;0.22
178.36;0.33;0.03;-0.13;0.30;0.06;0.22
178.40;0.33;0.03;-0.13;0.30;0.06;0.22
178.44;0.33;0.03;-0.13;0.30;0.06;0.22
178.48;0.33;0.03;-0.13;0.30;0.06;0.23
178.52;0.33;0.03;-0.13;0.30;0.06;0.23
178.56;0.33;0.03;-0.13;0.30;0.06;0.23
178.60;0.33;0.03;-0.13;0.30;0.06;0.23
178.64;0.33;0.03;-0.13;0.30;0.06;0.23
178.68;0.33;0.03;-0.13;0.30;0.06;0.23
178.72;0.33;0.03;-0.13;0.30;0.06;0.24
178.76;0.33;0.03;-0.13;0.30;0.06;0.24
178.80;0.33;0.03;-0.13;0.30;0.06;0.24
178.84;0.33;0.03;-0.13;0.30;0.07;0.24
178.88;0.33;0.03;-0.13;0.30;0.07;0.24
178.92;0.33;0.03;-0.13;0.30;0.08;0.24
178.96;0.33;0.03;-0.13;0.30;0.08;0.24
179.00;0.33;0.03;-0.13;0.30;0.08;0.24
179.04;0.33;0.03;-0.13;0.30;0.09;0.25
179.08;0.33;0.03;-0.13;0.30;0.09;0.25
179.12;0.33;0.03;-0.13;0.30;0.09;0.25
179.16;0.33;0.03;-0.13;0.30;0.09;0.25
179.20;0.33;0.03;-0.13;0.30;0.09;0.25
179.24;0.33;0.03;-0.13;0.30;0.09;0.25
179.28;0.33;0.03;-0.13;0.30;0.09;0.25
179.32;0.33;0.03;-0.13;0.30;0.09;0.25
179.36;0.33;0.03;-0.13;0.30;0.09;0.25
179.40;0.33;0.03;-0.13;0.30;0.09;0.25
179.44;0.33;0.03;-0.13;0.30;0.09;0.25
179.48;0.33;0.03;-0.13;0.30;0.09;0.25
179.52;0.33;0.03;-0.13;0.30;0.09;0.25
179.56;0.33;0.03;-0.13;0.30;0.09;0.25
179.60;0.33;0.03;-0.13;0.30;0.09;0.25
179.64;0.33;0.03;-0.13;0.30;0.09;0.25
179.68;0.33;0.03;-0.13;0.30;0.09;0.25
179.72;0.33;0.03;-0.13;0.30;0.09;0.25
179.76;0.33;0.03;-0.13;0.30;0.09;0.25
179.80;0.33;0.03;-0.13;0.30;0.09;0.25
179.84;0.33;0.03;-0.13;0.30;0.09;0.25
179.88;0.33;0.03;-0.13;0.30;0.09;0.25
179.92;0.33;0.03;-0.13;0.30;0.09;0.25
179.96;0.33;0.03;-0.13;0.30;0.09;0.25
180.00;0.33;0.03;-0.13;0.30;0.09;0.25
180.04;0.33;0.03;-0.13;0.30;0.09;0.25
180.08;0.33;0.03;-0.13;0.30;0.09;0.25
180.12;0.33;0.03;-0.13;0.30;0.09;0.25
180.16;0.33;0.03;-0.14;0.30;0.09;0.24
180.20;0.33;0.03;-0.14;0.30;0.09;0.24
180.24;0.33;0.03;-0.15;0.30;0.09;0.24
180.28;0.33;0.03;-0.15;0.30;0.09;0.24
180.32;0.33;0.03;-0.15;0.30;0.09;0.24
180.36;0.33;0.03;-0.16;0.30;0.09;0.24
180.40;0.33;0.03;-0.16;0.30;0.09;0.24
180.44;0.33;0.03;-0.17;0.30;0.09;0.24
180.48;0.33;0.03;-0.17;0.30;0.09;0.23
180.52;0.33;0.03;-0.17;0.30;0.09;0.23
180.56;0.33;0.03;-0.17;0.30;0.09;0.23
180.60;0.33;0.03;-0.18;0.30;0.09;0.23
180.64;0.33;0.03;-0.18;0.30;0.09;0.23
180.68;0.33;0.03;-0.18;0.30;0.09;0.23
180.72;0.33;0.03;-0.18;0.30;0.09;0.23
180.76;0.33;0.03;-0.18;0.30;0.09;0.23
180.80;0.33;0.03;-0.19;0.30;0.09;0.22
180.84;0.33;0.03;-0.19;0.30;0.09;0.22
180.88;0.33;0.03;-0.19;0.30;0.09;0.22
180.92;0.33;0.03;-0.19;0.30;0.09;0.22
180.96;0.33;0.03;-0.19;0.30;0.09;0.22
181.00;0.33;0.03;-0.19;0.30;0.09;0.22
181.04;0.33;0.03;-0.19;0.30;0.09;0.22
181.08;0.33;0.03;-0.19;0.30;0.09;0.22
181.12;0.33;0.03;-0.19;0.30;0.09;0.22
181.16;0.33;0.03;-0.19;0.30;0.09;0.22
181.20;0.33;0.03;-0.19;0.30;0.09;0.22
181.24;0.33;0.03;-0.19;0.30;0.09;0.22
181.28;0.33;0.03;-0.19;0.30;0.10;0.22
181.32;0.33;0.03;-0.19;0.30;0.10;0.22
181.36;0.33;0.03;-0.19;0.30;0.10;0.22
181.40;0.33;0.03;-0.19;0.30;0.10;0.22
181.44;0.33;0.03;-0.19;0.30;0.10;0.22
181.48;0.33;0.03;-0.19;0.30;0.10;0.22
181.52;0.33;0.03;-0.19;0.30;0.10;0.22
181.56;0.33;0.03;-0.19;0.30;0.11;0.22
181.60;0.33;0.03;-0.19;0.30;0.12;0.22
181.64;0.33;0.03;-0.19;0.30;0.13;0.22
181.68;0.33;0.03;-0.19;0.30;0.13;0.22
181.72;0.33;0.03;-0.19;0.30;0.14;0.22
181.76;0.33;0.03;-0.19;0.30;0.14;0.22
181.80;0.33;0.03;-0.19;0.30;0.14;0.22
181.84;0.33;0.03;-0.19;0.30;0.15;0.22
181.88;0.33;0.03;-0.19;0.30;0.15;0.22
181.92;0.33;0.03;-0.19;0.30;0.15;0.22
181.96;0.33;0.03;-0.19;0.30;0.15;0.22
182.00;0.33;0.03;-0.19;0.30;0.15;0.22
182.04;0.33;0.03;-0.19;0.30;0.15;0.22
182.08;0.33;0.03;-0.19;0.30;0.15;0.22
182.12;0.33;0.03;-0.19;0.30;0.15;0.22
182.16;0.33;0.03;-0.19;0.30;0.15;0.22
182.20;0.33;0.03;-0.19;0.30;0.15;0.22
182.24;0.33;0.03;-0.19;0.30;0.15;0.22
182.28;0.33;0.03;-0.19;0.30;0.15;0.22
182.32;0.33;0.03;-0.19;0.30;0.16;0.22
182.36;0.33;0.03;-0.19;0.30;0.16;0.22
182.40;0.33;0.03;-0.19;0.30;0.16;0.22
182.44;0.33;0.03;-0.19;0.30;0.16;0.22
182.48;0.33;0.03;-0.19;0.30;0.17;0.22
182.52;0.33;0.03;-0.19;0.30;0.18;0.22
182.56;0.33;0.03;-0.19;0.30;0.18;0.22
182.60;0.33;0.03;-0.19;0.30;0.19;0.22
182.64;0.33;0.03;-0.19;0.30;0.19;0.22
182.68;0.33;0.03;-0.19;0.30;0.19;0.22
182.72;0.33;0.03;-0.19;0.30;0.20;0.22
182.76;0.33;0.03;-0.19;0.30;0.20;0.22
182.80;0.33;0.03;-0.19;0.30;0.21;0.22
182.84;0.33;0.03;-0.19;0.30;0.21;0.22
182.88;0.33;0.03;-0.19;0.30;0.21;0.22
182.92;0.33;0.03;-0.19;0.30;0.21;0.22
182.96;0.33;0.03;-0.19;0.30;0.21;0.22
183.00;0.33;0.03;-0.19;0.30;0.21;0.22
183.04;0.33;0.03;-0.19;0.30;0.21;0.22
183.08;0.33;0.03;-0.18;0.30;0.21;0.22
183.12;0.33;0.03;-0.18;0.30;0.21;0.22
183.16;0.33;0.03;-0.18;0.30;0.21;0.22
183.20;0.33;0.03;-0.18;0.30;0.21;0.22
183.24;0.33;0.03;-0.18;0.30;0.21;0.22
183.28;0.33;0.03;-0.18;0.30;0.21;0.22
183.32;0.31;0.03;-0.17;0.30;0.21;0.22
183.36;0.27;0.03;-0.17;0.30;0.21;0.22
183.40;0.22;0.03;-0.17;0.30;0.21;0.22
183.44;0.21;0.03;-0.17;0.30;0.21;0.22
183.48;0.20;0.03;-0.17;0.30;0.21;0.22
183.52;0.20;0.03;-0.17;0.30;0.21;0.22
183.56;0.20;0.03;-0.17;0.30;0.21;0.22
183.60;0.19;0.03;-0.17;0.30;0.21;0.22
183.64;0.18;0.03;-0.16;0.30;0.21;0.22
183.68;0.18;0.03;-0.16;0.30;0.21;0.22
183.72;0.18;0.03;-0.16;0.30;0.21;0.22
183.76;0.18;0.03;-0.16;0.30;0.21;0.22
183.80;0.18;0.03;-0.16;0.30;0.21;0.22
183.84;0.18;0.03;-0.16;0.30;0.21;0.22
183.88;0.18;0.03;-0.16;0.30;0.21;0.22
183.92;0.17;0.03;-0.16;0.30;0.21;0.22
183.96;0.17;0.03;-0.16;0.30;0.21;0.22
184.00;0.17;0.03;-0.16;0.30;0.21;0.22
184.04;0.17;0.03;-0.16;0.30;0.22;0.22
184.08;0.17;0.03;-0.16;0.30;0.23;0.22
184.12;0.17;0.03;-0.16;0.30;0.24;0.22
184.16;0.17;0.03;-0.16;0.30;0.24;0.22
184.20;0.15;0.03;-0.16;0.30;0.24;0.22
184.24;0.14;0.03;-0.16;0.30;0.24;0.22
184.28;0.14;0.03;-0.16;0.30;0.24;0.22
184.32;0.14;0.03;-0.16;0.30;0.24;0.22
184.36;0.14;0.03;-0.16;0.30;0.24;0.22
184.40;0.14;0.03;-0.16;0.30;0.24;0.22
184.44;0.14;0.03;-0.16;0.30;0.24;0.22
184.48;0.14;0.03;-0.15;0.30;0.24;0.22
184.52;0.14;0.03;-0.15;0.30;0.24;0.22
184.56;0.14;0.03;-0.15;0.30;0.24;0.22
184.60;0.14;0.03;-0.15;0.30;0.24;0.22
184.64;0.14;0.03;-0.15;0.30;0.24;0.22
184.68;0.14;0.03;-0.15;0.30;0.24;0.22
184.72;0.14;0.03;-0.15;0.30;0.24;0.22
184.76;0.14;0.03;-0.14;0.30;0.24;0.22
184.80;0.14;0.03;-0.14;0.30;0.24;0.22
184.84;0.14;0.03;-0.14;0.30;0.24;0.22
184.88;0.14;0.03;-0.14;0.30;0.24;0.22
184.92;0.14;0.03;-0.14;0.30;0.24;0.22
184.96;0.14;0.03;-0.14;0.30;0.24;0.22
185.00;0.14;0.03;-0.14;0.30;0.24;0.22
185.04;0.14;0.03;-0.14;0.30;0.24;0.22
185.08;0.14;0.03;-0.14;0.30;0.24;0.22
185.12;0.14;0.03;-0.14;0.30;0.24;0.22
185.16;0.14;0.03;-0.14;0.30;0.24;0.22
185.20;0.14;0.03;-0.14;0.30;0.24;0.22
185.24;0.14;0.03;-0.14;0.29;0.24;0.22
185.28;0.14;0.03;-0.15;0.29;0.24;0.22
185.32;0.14;0.03;-0.15;0.29;0.24;0.22
185.36;0.14;0.03;-0.15;0.29;0.24;0.22
185.40;0.14;0.03;-0.15;0.29;0.24;0.22
185.44;0.14;0.03;-0.15;0.29;0.24;0.22
185.48;0.14;0.03;-0.15;0.29;0.24;0.22
185.52;0.14;0.03;-0.15;0.28;0.24;0.22
185.56;0.14;0.03;-0.15;0.28;0.24;0.22
185.60;0.14;0.03;-0.15;0.27;0.24;0.22
185.64;0.14;0.03;-0.15;0.27;0.24;0.22
185.68;0.14;0.03;-0.15;0.27;0.23;0.22
185.72;0.14;0.03;-0.15;0.27;0.23;0.22
185.76;0.14;0.03;-0.15;0.27;0.21;0.22
185.80;0.14;0.03;-0.16;0.27;0.21;0.22
185.84;0.15;0.03;-0.16;0.27;0.20;0.22
185.88;0.15;0.03;-0.17;0.27;0.20;0.22
185.92;0.15;0.03;-0.17;0.27;0.20;0.22
185.96;0.15;0.03;-0.18;0.27;0.20;0.22
186.00;0.15;0.03;-0.18;0.26;0.20;0.22
186.04;0.15;0.03;-0.18;0.26;0.20;0.22
186.08;0.18;0.03;-0.19;0.26;0.20;0.22
186.12;0.20;0.03;-0.20;0.26;0.20;0.22
186.16;0.23;0.03;-0.20;0.26;0.20;0.22
186.20;0.24;0.03;-0.20;0.26;0.20;0.22
186.24;0.25;0.03;-0.21;0.26;0.20;0.22
186.28;0.25;0.03;-0.21;0.26;0.20;0.22
186.32;0.25;0.03;-0.21;0.26;0.20;0.22
186.36;0.25;0.03;-0.21;0.26;0.20;0.22
186.40;0.25;0.03;-0.21;0.26;0.20;0.22
186.44;0.25;0.03;-0.21;0.25;0.20;0.22
186.48;0.25;0.03;-0.21;0.25;0.20;0.22
186.52;0.25;0.03;-0.21;0.24;0.20;0.22
186.56;0.25;0.03;-0.21;0.24;0.20;0.22
186.60;0.25;0.03;-0.21;0.24;0.20;0.22
186.64;0.25;0.03;-0.21;0.24;0.20;0.22
186.68;0.25;0.03;-0.21;0.24;0.20;0.22
186.72;0.25;0.03;-0.21;0.24;0.20;0.22
186.76;0.25;0.03;-0.21;0.24;0.20;0.22
186.80;0.25;0.03;-0.21;0.24;0.20;0.22
186.84;0.25;0.03;-0.21;0.24;0.20;0.22
186.88;0.25;0.03;-0.21;0.24;0.20;0.22
186.92;0.25;0.03;-0.21;0.24;0.20;0.22
186.96;0.25;0.03;-0.21;0.24;0.20;0.22
187.00;0.25;0.03;-0.21;0.24;0.21;0.22
187.04;0.25;0.03;-0.21;0.24;0.21;0.22
187.08;0.25;0.03;-0.21;0.24;0.21;0.22
187.12;0.25;0.03;-0.21;0.24;0.22;0.22
187.16;0.25;0.03;-0.21;0.24;0.23;0.22
187.20;0.25;0.03;-0.21;0.24;0.25;0.22
187.24;0.25;0.03;-0.21;0.24;0.27;0.22
187.28;0.25;0.03;-0.21;0.24;0.30;0.22
187.32;0.25;0.03;-0.21;0.24;0.32;0.22
187.36;0.25;0.03;-0.21;0.24;0.34;0.22
187.40;0.25;0.03;-0.21;0.24;0.35;0.22
187.44;0.25;0.03;-0.21;0.24;0.36;0.22
187.48;0.25;0.03;-0.21;0.24;0.36;0.22
187.52;0.25;0.03;-0.21;0.24;0.36;0.22
187.56;0.25;0.03;-0.21;0.24;0.36;0.22
187.60;0.25;0.03;-0.21;0.24;0.36;0.22
187.64;0.25;0.03;-0.21;0.24;0.35;0.22
187.68;0.25;0.03;-0.21;0.24;0.30;0.22
187.72;0.25;0.03;-0.21;0.24;0.24;0.22
187.76;0.25;0.03;-0.21;0.24;0.21;0.22
187.80;0.25;0.03;-0.21;0.24;0.20;0.22
187.84;0.25;0.03;-0.21;0.24;0.20;0.22
187.88;0.25;0.03;-0.21;0.24;0.20;0.22
187.92;0.25;0.03;-0.21;0.24;0.20;0.22
187.96;0.25;0.03;-0.21;0.24;0.20;0.22
188.00;0.25;0.03;-0.21;0.24;0.20;0.22
188.04;0.25;0.03;-0.21;0.24;0.20;0.22
188.08;0.25;0.03;-0.21;0.24;0.20;0.22
188.12;0.25;0.03;-0.21;0.24;0.20;0.22
188.16;0.25;0.03;-0.21;0.24;0.20;0.22
188.20;0.25;0.03;-0.21;0.24;0.20;0.22
188.24;0.25;0.03;-0.21;0.24;0.20;0.22
188.28;0.25;0.03;-0.21;0.24;0.20;0.22
188.32;0.25;0.03;-0.21;0.24;0.72;0.22
188.36;0.25;0.03;-0.21;0.24;0.76;0.22
188.40;0.25;0.03;-0.21;0.24;0.79;0.22
188.44;0.25;0.03;-0.21;0.24;0.82;0.22
188.48;0.25;0.03;-0.21;0.24;0.85;0.22
188.52;0.25;0.03;-0.21;0.24;0.87;0.22
188.56;0.25;0.03;-0.21;0.24;0.89;0.22
188.60;0.25;0.03;-0.21;0.24;0.91;0.22
188.64;0.25;0.03;-0.21;0.24;0.92;0.22
188.68;0.25;0.03;-0.21;0.24;0.94;0.22
188.72;0.25;0.03;-0.21;0.24;0.95;0.22
188.76;0.25;0.03;-0.21;0.24;0.95;0.22
188.80;0.25;0.03;-0.21;0.24;0.96;0.22
188.84;0.25;0.03;-0.21;0.24;0.96;0.22
188.88;0.25;0.03;-0.21;0.24;0.97;0.22
188.92;0.25;0.03;-0.21;0.24;0.97;0.22
188.96;0.25;0.03;-0.21;0.24;0.97;0.22
189.00;0.25;0.03;-0.21;0.24;0.97;0.22
189.04;0.25;0.03;-0.21;0.24;0.91;0.22
189.08;0.25;0.03;-0.21;0.24;0.87;0.22
189.12;0.25;0.03;-0.21;0.24;0.83;0.22
189.16;0.25;0.03;-0.21;0.24;0.79;0.22
189.20;0.25;0.03;-0.21;0.24;0.76;0.22
189.24;0.25;0.03;-0.21;0.24;0.74;0.22
189.28;0.25;0.03;-0.21;0.24;0.71;0.22
189.32;0.25;0.03;-0.21;0.24;0.69;0.22
189.36;0.25;0.03;-0.21;0.24;0.69;0.22
189.40;0.25;0.03;-0.21;0.24;0.69;0.22
189.44;0.25;0.03;-0.21;0.24;0.69;0.22
189.48;0.25;0.03;-0.21;0.23;0.69;0.22
189.52;0.25;0.03;-0.21;0.23;0.68;0.22
189.56;0.25;0.03;-0.21;0.23;0.68;0.22
189.60;0.25;0.03;-0.21;0.23;0.58;0.22
189.64;0.25;0.03;-0.21;0.23;0.39;0.22
189.68;0.25;0.03;-0.21;0.23;0.22;0.22
189.72;0.25;0.03;-0.21;0.23;0.18;0.22
189.76;0.25;0.03;-0.21;0.23;0.16;0.22
189.80;0.25;0.04;-0.21;0.23;0.16;0.22
189.84;0.25;0.04;-0.21;0.23;0.16;0.22
189.88;0.25;0.04;-0.21;0.23;0.16;0.22
189.92;0.25;0.05;-0.21;0.23;0.15;0.22
189.96;0.25;0.05;-0.21;0.23;0.15;0.22
190.00;0.25;0.05;-0.21;0.23;0.13;0.22
190.04;0.25;0.05;-0.21;0.23;0.04;0.22
190.08;0.25;0.05;-0.21;0.23;0.01;0.22
190.12;0.25;0.05;-0.21;0.23;0.00;0.22
190.16;0.25;0.05;-0.21;0.23;0.00;0.22
190.20;0.24;0.05;-0.21;0.23;0.00;0.22
190.24;0.24;0.05;-0.21;0.23;0.00;0.22
190.28;0.24;0.05;-0.21;0.23;0.00;0.22
190.32;0.24;0.05;-0.21;0.23;0.00;0.22
190.36;0.24;0.05;-0.20;0.23;0.00;0.22
190.40;0.24;0.05;-0.20;0.23;0.01;0.22
190.44;0.24;0.05;-0.20;0.23;0.01;0.22
190.48;0.24;0.05;-0.20;0.23;0.01;0.22
190.52;0.24;0.05;-0.20;0.23;0.01;0.22
190.56;0.24;0.05;-0.20;0.23;0.01;0.22
190.60;0.24;0.05;-0.20;0.23;0.01;0.22
190.64;0.24;0.05;-0.20;0.23;0.02;0.22
190.68;0.24;0.05;-0.20;0.23;0.01;0.22
190.72;0.24;0.05;-0.20;0.23;0.00;0.22
190.76;0.24;0.05;-0.20;0.23;-0.01;0.22
190.80;0.24;0.05;-0.20;0.23;-0.01;0.22
190.84;0.24;0.05;-0.20;0.23;-0.02;0.22
190.88;0.24;0.05;-0.20;0.23;-0.03;0.22
190.92;0.24;0.05;-0.20;0.23;-0.04;0.22
190.96;0.24;0.05;-0.20;0.23;-0.04;0.22
191.00;0.24;0.05;-0.20;0.23;-0.04;0.22
191.04;0.24;0.05;-0.20;0.23;-0.04;0.22
191.08;0.24;0.05;-0.20;0.23;-0.05;0.22
191.12;0.24;0.05;-0.20;0.23;-0.05;0.22
191.16;0.24;0.05;-0.20;0.23;-0.05;0.21
191.20;0.24;0.05;-0.20;0.23;-0.05;0.21
191.24;0.24;0.05;-0.20;0.23;-0.05;0.21
191.28;0.22;0.05;-0.20;0.23;-0.05;0.20
191.32;0.21;0.05;-0.17;0.23;-0.05;0.20
191.36;0.21;0.05;-0.17;0.23;-0.05;0.20
191.40;0.21;0.05;-0.17;0.23;-0.05;0.20
191.44;0.21;0.05;-0.17;0.23;-0.05;0.20
191.48;0.20;0.05;-0.17;0.23;-0.05;0.20
191.52;0.20;0.05;-0.17;0.23;-0.05;0.20
191.56;0.19;0.05;-0.17;0.23;-0.05;0.20
191.60;0.18;0.05;-0.17;0.23;-0.05;0.20
191.64;0.18;0.05;-0.17;0.23;-0.05;0.20
191.68;0.17;0.05;-0.17;0.23;-0.05;0.20
191.72;0.16;0.05;-0.17;0.23;-0.05;0.20
191.76;0.15;0.05;-0.17;0.23;-0.05;0.20
191.80;0.14;0.05;-0.17;0.23;-0.06;0.20
191.84;0.12;0.05;-0.17;0.23;-0.06;0.20
191.88;0.11;0.05;-0.17;0.23;-0.07;0.20
191.92;0.09;0.05;-0.16;0.23;-0.08;0.20
191.96;0.07;0.05;-0.16;0.23;-0.09;0.20
192.00;0.04;0.05;-0.16;0.23;-0.09;0.20
192.04;0.02;0.05;-0.16;0.23;-0.10;0.20
192.08;0.02;0.05;-0.16;0.23;-0.10;0.20
192.12;0.02;0.05;-0.16;0.23;-0.10;0.20
192.16;0.02;0.05;-0.16;0.23;-0.10;0.20
192.20;0.02;0.05;-0.16;0.23;-0.10;0.20
192.24;0.01;0.05;-0.16;0.23;-0.10;0.20
192.28;0.01;0.05;-0.16;0.23;-0.10;0.20
192.32;0.01;0.05;-0.16;0.23;-0.10;0.20
192.36;0.01;0.05;-0.16;0.23;-0.10;0.20
192.40;0.01;0.05;-0.16;0.23;-0.10;0.20
192.44;0.00;0.05;-0.16;0.23;-0.10;0.20
192.48;-0.01;0.05;-0.16;0.23;-0.10;0.20
192.52;-0.01;0.05;-0.16;0.23;-0.10;0.20
192.56;-0.01;0.05;-0.16;0.23;-0.10;0.20
192.60;-0.01;0.05;-0.16;0.23;-0.10;0.20
192.64;-0.01;0.05;-0.16;0.23;-0.10;0.20
192.68;-0.01;0.05;-0.16;0.23;-0.10;0.20
192.72;-0.01;0.05;-0.16;0.23;-0.10;0.20
192.76;-0.01;0.05;-0.16;0.23;-0.10;0.20
192.80;-0.01;0.05;-0.16;0.23;-0.10;0.20
192.84;-0.01;0.05;-0.16;0.23;-0.10;0.20
192.88;-0.01;0.05;-0.16;0.23;-0.10;0.20
192.92;-0.01;0.05;-0.16;0.23;-0.10;0.20
192.96;-0.01;0.05;-0.16;0.23;-0.10;0.20
193.00;-0.01;0.05;-0.16;0.23;-0.10;0.20
193.04;-0.01;0.05;-0.16;0.23;-0.10;0.20
193.08;-0.01;0.05;-0.15;0.23;-0.10;0.20
193.12;-0.01;0.05;-0.15;0.23;-0.10;0.20
193.16;-0.01;0.05;-0.15;0.23;-0.10;0.20
193.20;-0.01;0.05;-0.15;0.23;-0.11;0.20
193.24;-0.01;0.05;-0.15;0.23;-0.14;0.20
193.28;-0.01;0.05;-0.15;0.23;-0.15;0.20
193.32;-0.01;0.05;-0.15;0.23;-0.15;0.20
193.36;-0.01;0.05;-0.15;0.23;-0.15;0.20
193.40;-0.01;0.05;-0.15;0.23;-0.15;0.20
193.44;-0.01;0.05;-0.15;0.23;-0.15;0.20
193.48;-0.01;0.05;-0.15;0.22;-0.15;0.20
193.52;-0.01;0.05;-0.15;0.22;-0.15;0.20
193.56;-0.01;0.05;-0.15;0.22;-0.15;0.20
193.60;-0.01;0.05;-0.15;0.22;-0.15;0.20
193.64;-0.01;0.05;-0.15;0.22;-0.16;0.20
193.68;-0.01;0.05;-0.15;0.22;-0.16;0.20
193.72;-0.01;0.05;-0.15;0.22;-0.16;0.20
193.76;-0.01;0.05;-0.15;0.22;-0.16;0.20
193.80;-0.01;0.05;-0.15;0.22;-0.16;0.20
193.84;-0.01;0.05;-0.15;0.22;-0.16;0.20
193.88;-0.01;0.05;-0.15;0.22;-0.16;0.20
193.92;-0.01;0.05;-0.15;0.22;-0.16;0.20
193.96;-0.01;0.05;-0.15;0.22;-0.17;0.20
194.00;-0.01;0.05;-0.15;0.22;-0.21;0.20
194.04;-0.01;0.05;-0.15;0.22;-0.23;0.20
194.08;-0.01;0.05;-0.15;0.22;-0.24;0.20
194.12;-0.01;0.05;-0.15;0.22;-0.25;0.20
194.16;-0.01;0.05;-0.14;0.22;-0.25;0.20
194.20;-0.01;0.05;-0.14;0.22;-0.25;0.20
194.24;-0.01;0.05;-0.14;0.22;-0.25;0.20
194.28;-0.01;0.05;-0.14;0.22;-0.25;0.20
194.32;-0.01;0.05;-0.14;0.22;-0.25;0.20
194.36;-0.01;0.05;-0.14;0.22;-0.25;0.20
194.40;-0.01;0.05;-0.14;0.22;-0.25;0.20
194.44;-0.01;0.05;-0.14;0.22;-0.25;0.20
194.48;-0.01;0.05;-0.15;0.22;-0.25;0.20
194.52;-0.01;0.05;-0.15;0.22;-0.25;0.20
194.56;-0.01;0.05;-0.15;0.22;-0.25;0.20
194.60;-0.01;0.05;-0.15;0.22;-0.25;0.20
194.64;-0.01;0.05;-0.15;0.22;-0.26;0.20
194.68;-0.01;0.05;-0.15;0.22;-0.26;0.20
194.72;-0.01;0.05;-0.15;0.22;-0.26;0.20
194.76;-0.01;0.05;-0.15;0.22;-0.26;0.20
194.80;-0.01;0.05;-0.15;0.22;-0.26;0.20
194.84;-0.01;0.05;-0.15;0.22;-0.26;0.20
194.88;-0.01;0.05;-0.15;0.22;-0.26;0.20
194.92;-0.01;0.05;-0.15;0.22;-0.26;0.20
194.96;-0.01;0.05;-0.15;0.22;-0.26;0.20
195.00;-0.01;0.05;-0.15;0.22;-0.26;0.20
195.04;-0.01;0.05;-0.15;0.22;-0.26;0.20
195.08;-0.01;0.05;-0.15;0.22;-0.26;0.20
195.12;-0.01;0.05;-0.16;0.22;-0.26;0.20
195.16;-0.01;0.05;-0.16;0.22;-0.26;0.20
195.20;-0.01;0.05;-0.16;0.22;-0.27;0.20
195.24;-0.01;0.05;-0.16;0.22;-0.29;0.20
195.28;-0.01;0.05;-0.16;0.22;-0.29;0.20
195.32;-0.01;0.05;-0.16;0.22;-0.30;0.20
195.36;-0.01;0.05;-0.16;0.22;-0.31;0.20
195.40;-0.01;0.05;-0.17;0.22;-0.31;0.20
195.44;-0.01;0.05;-0.17;0.22;-0.31;0.20
195.48;-0.01;0.05;-0.17;0.22;-0.31;0.20
195.52;-0.01;0.05;-0.17;0.22;-0.31;0.20
195.56;-0.01;0.05;-0.17;0.22;-0.31;0.20
195.60;-0.01;0.05;-0.18;0.22;-0.31;0.20
195.64;-0.01;0.05;-0.19;0.22;-0.31;0.20
195.68;-0.01;0.05;-0.20;0.22;-0.31;0.20
195.72;-0.01;0.05;-0.21;0.22;-0.31;0.20
195.76;-0.01;0.05;-0.21;0.22;-0.31;0.20
195.80;-0.01;0.05;-0.21;0.22;-0.31;0.20
195.84;-0.01;0.05;-0.21;0.22;-0.31;0.20
195.88;-0.01;0.05;-0.21;0.22;-0.31;0.20
195.92;-0.01;0.05;-0.21;0.22;-0.31;0.20
195.96;-0.01;0.05;-0.21;0.22;-0.31;0.20
196.00;-0.01;0.05;-0.21;0.22;-0.31;0.20
196.04;-0.01;0.05;-0.21;0.22;-0.31;0.20
196.08;-0.01;0.05;-0.21;0.22;-0.31;0.20
196.12;-0.01;0.05;-0.21;0.22;-0.31;0.20
196.16;-0.01;0.05;-0.21;0.22;-0.31;0.20
196.20;-0.01;0.05;-0.21;0.22;-0.31;0.20
196.24;-0.01;0.05;-0.21;0.22;-0.31;0.20
196.28;-0.01;0.05;-0.21;0.22;-0.31;0.20
196.32;-0.01;0.05;-0.21;0.22;-0.31;0.20
196.36;-0.01;0.05;-0.20;0.22;-0.31;0.20
196.40;-0.01;0.05;-0.18;0.22;-0.31;0.20
196.44;-0.01;0.05;-0.17;0.22;-0.31;0.20
196.48;-0.01;0.05;-0.12;0.22;-0.31;0.20
196.52;-0.01;0.05;-0.08;0.22;-0.32;0.20
196.56;-0.01;0.05;-0.07;0.22;-0.32;0.20
196.60;-0.01;0.05;-0.06;0.22;-0.33;0.20
196.64;-0.01;0.05;-0.06;0.22;-0.34;0.20
196.68;-0.01;0.05;-0.05;0.21;-0.34;0.20
196.72;0.00;0.05;-0.05;0.21;-0.34;0.20
196.76;0.00;0.05;-0.04;0.20;-0.34;0.20
196.80;0.02;0.05;-0.03;0.18;-0.34;0.20
196.84;0.02;0.05;-0.03;0.18;-0.34;0.20
196.88;0.03;0.05;-0.02;0.18;-0.34;0.20
196.92;0.04;0.05;-0.01;0.18;-0.34;0.20
196.96;0.05;0.05;0.03;0.18;-0.34;0.20
197.00;0.07;0.05;0.06;0.18;-0.34;0.20
197.04;0.08;0.05;0.10;0.18;-0.34;0.20
197.08;0.09;0.05;0.12;0.18;-0.34;0.20
197.12;0.10;0.05;0.15;0.18;-0.34;0.20
197.16;0.11;0.05;0.17;0.18;-0.34;0.20
197.20;0.12;0.05;0.18;0.18;-0.34;0.20
197.24;0.12;0.05;0.19;0.17;-0.34;0.20
197.28;0.12;0.05;0.19;0.17;-0.34;0.20
197.32;0.12;0.05;0.19;0.16;-0.34;0.20
197.36;0.12;0.05;0.20;0.15;-0.34;0.20
197.40;0.12;0.05;0.20;0.14;-0.34;0.20
197.44;0.12;0.05;0.20;0.14;-0.34;0.20
197.48;0.12;0.05;0.20;0.13;-0.33;0.20
197.52;0.12;0.05;0.20;0.12;-0.33;0.20
197.56;0.12;0.05;0.20;0.12;-0.33;0.20
197.60;0.12;0.05;0.20;0.12;-0.33;0.20
197.64;0.12;0.05;0.20;0.11;-0.33;0.20
197.68;0.12;0.05;0.20;0.11;-0.33;0.20
197.72;0.12;0.05;0.20;0.11;-0.33;0.20
197.76;0.12;0.05;0.20;0.11;-0.33;0.20
197.80;0.12;0.05;0.20;0.10;-0.33;0.20
197.84;0.12;0.05;0.20;0.10;-0.33;0.20
197.88;0.12;0.05;0.20;0.09;-0.33;0.20
197.92;0.12;0.05;0.20;0.09;-0.33;0.20
197.96;0.12;0.05;0.20;0.09;-0.33;0.20
198.00;0.12;0.05;0.20;0.09;-0.33;0.20
198.04;0.12;0.05;0.20;0.08;-0.33;0.20
198.08;0.12;0.05;0.20;0.08;-0.33;0.20
198.12;0.12;0.05;0.20;0.08;-0.33;0.20
198.16;0.12;0.05;0.20;0.08;-0.33;0.20
198.20;0.12;0.05;0.20;0.08;-0.33;0.20
198.24;0.12;0.05;0.20;0.08;-0.33;0.20
198.28;0.12;0.05;0.20;0.07;-0.33;0.20
198.32;0.12;0.05;0.20;0.07;-0.33;0.20
198.36;0.12;0.05;0.20;0.07;-0.33;0.20
198.40;0.12;0.05;0.20;0.07;-0.33;0.20
198.44;0.12;0.05;0.20;0.07;-0.33;0.20
198.48;0.12;0.05;0.20;0.07;-0.33;0.20
198.52;0.12;0.05;0.19;0.07;-0.33;0.20
198.56;0.12;0.05;0.19;0.07;-0.33;0.20
198.60;0.12;0.05;0.19;0.07;-0.33;0.20
198.64;0.12;0.05;0.19;0.07;-0.32;0.20
198.68;0.12;0.05;0.19;0.07;-0.32;0.20
198.72;0.12;0.05;0.19;0.07;-0.31;0.20
198.76;0.12;0.05;0.19;0.07;-0.30;0.20
198.80;0.12;0.05;0.19;0.07;-0.29;0.20
198.84;0.12;0.05;0.17;0.07;-0.28;0.20
198.88;0.12;0.05;0.14;0.07;-0.28;0.20
198.92;0.12;0.05;0.12;0.07;-0.27;0.20
198.96;0.12;0.05;0.11;0.07;-0.26;0.20
199.00;0.12;0.05;0.11;0.07;-0.26;0.20
199.04;0.12;0.05;0.10;0.07;-0.26;0.20
199.08;0.12;0.05;0.09;0.07;-0.26;0.20
199.12;0.12;0.05;0.08;0.07;-0.26;0.20
199.16;0.12;0.05;0.07;0.07;-0.26;0.20
199.20;0.12;0.05;0.07;0.07;-0.26;0.20
199.24;0.12;0.05;0.07;0.07;-0.26;0.20
199.28;0.12;0.05;0.05;0.07;-0.26;0.20
199.32;0.12;0.05;0.04;0.07;-0.26;0.20
199.36;0.12;0.05;0.03;0.07;-0.25;0.20
199.40;0.12;0.05;0.02;0.07;-0.25;0.20
199.44;0.12;0.05;0.01;0.07;-0.25;0.20
199.48;0.12;0.05;0.01;0.07;-0.23;0.20
199.52;0.12;0.05;0.01;0.07;-0.21;0.20
199.56;0.12;0.05;0.01;0.07;-0.20;0.20
199.60;0.12;0.05;0.01;0.07;-0.19;0.20
199.64;0.12;0.05;0.01;0.07;-0.18;0.20
199.68;0.12;0.05;0.01;0.07;-0.17;0.20
199.72;0.12;0.05;0.01;0.07;-0.17;0.20
199.76;0.12;0.05;0.01;0.07;-0.17;0.20
199.80;0.12;0.05;0.01;0.07;-0.17;0.20
199.84;0.12;0.05;0.01;0.07;-0.17;0.20
199.88;0.12;0.05;0.01;0.07;-0.17;0.20
199.92;0.12;0.05;0.01;0.07;-0.16;0.20
199.96;0.12;0.05;0.01;0.07;-0.16;0.20
200.00;0.12;0.05;0.01;0.07;-0.16;0.20
200.04;0.12;0.05;0.01;0.07;-0.16;0.20
200.08;0.12;0.05;0.01;0.07;-0.16;0.20
200.12;0.12;0.05;0.01;0.07;-0.16;0.20
200.16;0.12;0.05;0.01;0.07;-0.16;0.20
200.20;0.12;0.05;0.01;0.07;-0.15;0.20
200.24;0.12;0.05;0.01;0.07;-0.13;0.20
200.28;0.12;0.05;0.01;0.07;-0.12;0.20
200.32;0.12;0.05;0.01;0.07;-0.10;0.20
200.36;0.12;0.05;0.01;0.07;-0.10;0.20
200.40;0.12;0.05;0.01;0.07;-0.09;0.20
200.44;0.12;0.05;0.01;0.07;-0.08;0.20
200.48;0.12;0.05;0.01;0.07;-0.07;0.20
200.52;0.12;0.05;0.01;0.07;-0.07;0.20
200.56;0.12;0.05;0.01;0.07;-0.07;0.20
200.60;0.12;0.05;0.01;0.07;-0.07;0.20
200.64;0.12;0.05;0.01;0.07;-0.06;0.20
200.68;0.12;0.05;0.01;0.07;-0.06;0.20
200.72;0.12;0.05;0.01;0.07;-0.06;0.20
200.76;0.12;0.05;0.01;0.07;-0.06;0.20
200.80;0.12;0.05;0.01;0.07;-0.06;0.20
200.84;0.12;0.05;0.01;0.07;-0.06;0.20
200.88;0.12;0.05;0.01;0.07;-0.06;0.20
200.92;0.12;0.05;0.01;0.07;-0.06;0.20
200.96;0.12;0.05;0.01;0.07;-0.06;0.20
201.00;0.12;0.05;0.01;0.07;-0.06;0.20
201.04;0.12;0.05;0.01;0.07;-0.06;0.20
201.08;0.12;0.05;0.01;0.07;-0.06;0.20
201.12;0.12;0.05;0.01;0.07;-0.06;0.20
201.16;0.12;0.05;0.01;0.07;-0.06;0.20
201.20;0.12;0.05;0.01;0.07;-0.06;0.21
201.24;0.12;0.05;0.01;0.07;-0.06;0.21
201.28;0.12;0.05;0.01;0.07;-0.06;0.21
201.32;0.12;0.05;0.01;0.07;-0.06;0.21
201.36;0.12;0.05;0.01;0.07;-0.06;0.22
201.40;0.12;0.05;0.01;0.07;-0.06;0.22
201.44;0.12;0.05;0.01;0.07;-0.06;0.22
201.48;0.12;0.05;0.01;0.07;-0.06;0.22
201.52;0.12;0.05;0.01;0.07;-0.06;0.22
201.56;0.12;0.05;0.01;0.07;-0.06;0.22
201.60;0.14;0.05;0.01;0.07;-0.06;0.22
201.64;0.15;0.05;0.01;0.08;-0.06;0.22
201.68;0.16;0.05;0.01;0.08;-0.06;0.22
201.72;0.17;0.05;0.01;0.08;-0.06;0.22
201.76;0.18;0.05;0.01;0.08;-0.06;0.23
201.80;0.18;0.05;0.01;0.08;-0.06;0.23
201.84;0.19;0.05;0.01;0.08;-0.06;0.23
201.88;0.19;0.05;0.01;0.08;-0.06;0.23
201.92;0.19;0.05;0.01;0.08;-0.06;0.23
201.96;0.20;0.05;0.01;0.08;-0.06;0.23
202.00;0.20;0.05;0.01;0.08;-0.06;0.23
202.04;0.20;0.05;0.01;0.08;-0.06;0.23
202.08;0.20;0.05;0.01;0.08;-0.06;0.23
202.12;0.21;0.05;0.01;0.08;-0.06;0.23
202.16;0.21;0.05;0.01;0.08;-0.06;0.23
202.20;0.22;0.05;0.02;0.08;-0.06;0.23
202.24;0.22;0.04;0.02;0.08;-0.06;0.23
202.28;0.23;0.04;0.02;0.08;-0.06;0.23
202.32;0.23;0.04;0.03;0.08;-0.06;0.23
202.36;0.23;0.04;0.03;0.09;-0.06;0.23
202.40;0.23;0.04;0.03;0.09;-0.06;0.23
202.44;0.23;0.04;0.04;0.09;-0.06;0.23
202.48;0.23;0.04;0.05;0.09;-0.06;0.23
202.52;0.23;0.04;0.05;0.09;-0.06;0.23
202.56;0.23;0.04;0.05;0.09;-0.06;0.24
202.60;0.23;0.04;0.05;0.09;-0.06;0.24
202.64;0.23;0.04;0.05;0.09;-0.06;0.24
202.68;0.23;0.04;0.05;0.09;-0.06;0.24
202.72;0.23;0.05;0.05;0.09;-0.06;0.24
202.76;0.23;0.05;0.06;0.09;-0.06;0.24
202.80;0.23;0.05;0.06;0.09;-0.06;0.24
202.84;0.23;0.05;0.06;0.09;-0.06;0.24
202.88;0.23;0.05;0.06;0.09;-0.07;0.24
202.92;0.23;0.05;0.06;0.08;-0.07;0.24
202.96;0.23;0.05;0.06;0.08;-0.08;0.24
203.00;0.23;0.05;0.06;0.08;-0.09;0.25
203.04;0.23;0.05;0.06;0.08;-0.10;0.25
203.08;0.23;0.05;0.06;0.08;-0.10;0.25
203.12;0.23;0.05;0.06;0.08;-0.11;0.25
203.16;0.23;0.05;0.06;0.08;-0.11;0.25
203.20;0.23;0.05;0.06;0.08;-0.11;0.25
203.24;0.23;0.05;0.06;0.08;-0.11;0.25
203.28;0.23;0.05;0.06;0.08;-0.11;0.25
203.32;0.23;0.05;0.06;0.08;-0.11;0.25
203.36;0.23;0.05;0.06;0.08;-0.11;0.25
203.40;0.23;0.05;0.06;0.08;-0.11;0.25
203.44;0.23;0.05;0.06;0.08;-0.11;0.25
203.48;0.23;0.05;0.06;0.08;-0.11;0.25
203.52;0.23;0.05;0.06;0.08;-0.11;0.25
203.56;0.23;0.05;0.06;0.09;-0.10;0.25
203.60;0.23;0.05;0.06;0.09;-0.10;0.25
203.64;0.23;0.05;0.06;0.09;-0.10;0.25
203.68;0.23;0.05;0.06;0.09;-0.10;0.25
203.72;0.23;0.05;0.06;0.09;-0.10;0.25
203.76;0.23;0.05;0.06;0.09;-0.09;0.25
203.80;0.23;0.05;0.06;0.09;-0.08;0.25
203.84;0.23;0.05;0.06;0.09;-0.07;0.25
203.88;0.24;0.05;0.06;0.09;-0.07;0.25
203.92;0.24;0.06;0.06;0.09;-0.06;0.25
203.96;0.24;0.06;0.06;0.09;-0.06;0.25
204.00;0.24;0.06;0.06;0.09;-0.05;0.25
204.04;0.24;0.06;0.06;0.10;-0.05;0.25
204.08;0.24;0.06;0.06;0.10;-0.05;0.25
204.12;0.24;0.06;0.05;0.10;-0.05;0.25
204.16;0.24;0.06;0.05;0.10;-0.05;0.25
204.20;0.24;0.06;0.05;0.10;-0.03;0.25
204.24;0.24;0.06;0.05;0.11;-0.01;0.25
204.28;0.24;0.06;0.04;0.11;0.01;0.25
204.32;0.24;0.06;0.04;0.11;0.04;0.25
204.36;0.24;0.06;0.03;0.11;0.08;0.25
204.40;0.24;0.06;0.02;0.11;0.09;0.25
204.44;0.24;0.06;0.01;0.12;0.09;0.25
204.48;0.24;0.06;0.01;0.12;0.09;0.25
204.52;0.24;0.06;-0.01;0.12;0.09;0.25
204.56;0.24;0.06;-0.01;0.12;0.09;0.25
204.60;0.24;0.06;-0.01;0.12;0.09;0.25
204.64;0.24;0.06;-0.01;0.13;0.10;0.25
204.68;0.24;0.06;-0.01;0.13;0.10;0.25
204.72;0.24;0.06;-0.01;0.13;0.15;0.25
204.76;0.24;0.06;-0.01;0.14;0.20;0.25
204.80;0.24;0.06;-0.01;0.14;0.22;0.25
204.84;0.24;0.06;-0.02;0.14;0.22;0.25
204.88;0.24;0.07;-0.02;0.15;0.22;0.25
204.92;0.24;0.07;-0.02;0.15;0.22;0.25
204.96;0.24;0.07;-0.02;0.15;0.22;0.25
205.00;0.24;0.07;-0.02;0.15;0.22;0.25
205.04;0.24;0.07;-0.02;0.16;0.22;0.25
205.08;0.24;0.07;-0.02;0.16;0.22;0.25
205.12;0.24;0.07;-0.02;0.16;0.22;0.25
205.16;0.24;0.07;-0.02;0.17;0.22;0.25
205.20;0.24;0.07;-0.02;0.17;0.22;0.25
205.24;0.24;0.07;-0.02;0.17;0.22;0.25
205.28;0.24;0.07;-0.02;0.18;0.21;0.25
205.32;0.24;0.07;-0.03;0.18;0.21;0.25
205.36;0.24;0.08;-0.03;0.18;0.21;0.25
205.40;0.24;0.08;-0.03;0.19;0.21;0.25
205.44;0.24;0.08;-0.03;0.19;0.21;0.25
205.48;0.24;0.08;-0.03;0.19;0.21;0.25
205.52;0.24;0.08;-0.03;0.20;0.21;0.25
205.56;0.24;0.08;-0.03;0.20;0.21;0.25
205.60;0.24;0.08;-0.03;0.20;0.21;0.25
205.64;0.24;0.07;-0.03;0.20;0.21;0.25
205.68;0.24;0.07;-0.03;0.20;0.21;0.25
205.72;0.24;0.07;-0.03;0.20;0.21;0.25
205.76;0.24;0.07;-0.03;0.20;0.21;0.25
205.80;0.24;0.07;-0.03;0.20;0.21;0.25
205.84;0.24;0.07;-0.03;0.20;0.21;0.25
205.88;0.24;0.07;-0.03;0.20;0.21;0.25
205.92;0.24;0.07;-0.03;0.20;0.21;0.25
205.96;0.24;0.07;-0.04;0.20;0.21;0.25
206.00;0.24;0.07;-0.04;0.20;0.21;0.25
206.04;0.24;0.07;-0.05;0.20;0.21;0.25
206.08;0.24;0.07;-0.06;0.20;0.21;0.25
206.12;0.24;0.07;-0.06;0.20;0.21;0.25
206.16;0.24;0.07;-0.07;0.20;0.22;0.25
206.20;0.24;0.07;-0.07;0.20;0.22;0.25
206.24;0.24;0.07;-0.07;0.20;0.22;0.25
206.28;0.24;0.07;-0.07;0.20;0.22;0.25
206.32;0.24;0.07;-0.07;0.20;0.22;0.25
206.36;0.24;0.07;-0.07;0.20;0.22;0.25
206.40;0.24;0.07;-0.07;0.20;0.22;0.25
206.44;0.24;0.07;-0.08;0.20;0.22;0.25
206.48;0.24;0.07;-0.08;0.21;0.22;0.25
206.52;0.24;0.07;-0.09;0.21;0.22;0.25
206.56;0.24;0.07;-0.09;0.21;0.22;0.25
206.60;0.24;0.07;-0.09;0.21;0.22;0.25
206.64;0.24;0.07;-0.10;0.21;0.22;0.25
206.68;0.24;0.07;-0.10;0.21;0.22;0.25
206.72;0.24;0.07;-0.10;0.21;0.22;0.25
206.76;0.24;0.07;-0.10;0.22;0.22;0.25
206.80;0.24;0.07;-0.10;0.22;0.22;0.25
206.84;0.24;0.07;-0.10;0.22;0.22;0.25
206.88;0.24;0.07;-0.10;0.22;0.22;0.25
206.92;0.24;0.07;-0.10;0.22;0.22;0.25
206.96;0.24;0.07;-0.10;0.22;0.22;0.25
207.00;0.24;0.07;-0.10;0.22;0.22;0.25
207.04;0.24;0.07;-0.10;0.22;0.22;0.25
207.08;0.24;0.07;-0.10;0.22;0.22;0.25
207.12;0.24;0.07;-0.10;0.22;0.22;0.25
207.16;0.24;0.07;-0.10;0.22;0.22;0.25
207.20;0.24;0.07;-0.10;0.22;0.22;0.25
207.24;0.24;0.07;-0.10;0.22;0.22;0.25
207.28;0.24;0.07;-0.10;0.22;0.22;0.25
207.32;0.24;0.07;-0.10;0.22;0.22;0.25
207.36;0.24;0.07;-0.10;0.22;0.22;0.25
207.40;0.24;0.07;-0.10;0.22;0.22;0.25
207.44;0.24;0.07;-0.11;0.22;0.22;0.25
207.48;0.24;0.07;-0.11;0.22;0.21;0.25
207.52;0.24;0.07;-0.11;0.22;0.21;0.25
207.56;0.24;0.07;-0.11;0.22;0.21;0.25
207.60;0.24;0.07;-0.11;0.22;0.21;0.25
207.64;0.24;0.07;-0.11;0.22;0.21;0.25
207.68;0.24;0.07;-0.11;0.22;0.20;0.24
207.72;0.24;0.07;-0.11;0.22;0.20;0.24
207.76;0.24;0.07;-0.11;0.22;0.20;0.24
207.80;0.24;0.07;-0.11;0.22;0.19;0.24
207.84;0.24;0.07;-0.11;0.22;0.19;0.24
207.88;0.24;0.07;-0.11;0.22;0.18;0.24
207.92;0.24;0.07;-0.11;0.22;0.18;0.24
207.96;0.24;0.07;-0.11;0.22;0.18;0.24
208.00;0.24;0.07;-0.11;0.22;0.18;0.24
208.04;0.24;0.07;-0.11;0.22;0.18;0.24
208.08;0.24;0.07;-0.11;0.22;0.18;0.24
208.12;0.24;0.07;-0.11;0.22;0.18;0.24
208.16;0.24;0.07;-0.11;0.22;0.18;0.24
208.20;0.24;0.07;-0.11;0.22;0.17;0.24
208.24;0.24;0.07;-0.11;0.22;0.17;0.24
208.28;0.24;0.07;-0.11;0.22;0.17;0.24
208.32;0.24;0.07;-0.11;0.22;0.17;0.24
208.36;0.24;0.07;-0.12;0.22;0.17;0.24
208.40;0.24;0.07;-0.12;0.22;0.17;0.24
208.44;0.24;0.07;-0.12;0.22;0.17;0.24
208.48;0.24;0.07;-0.12;0.22;0.17;0.24
208.52;0.24;0.05;-0.12;0.22;0.17;0.24
208.56;0.24;0.04;-0.12;0.22;0.17;0.24
208.60;0.24;0.04;-0.12;0.22;0.17;0.24
208.64;0.24;0.03;-0.12;0.22;0.17;0.24
208.68;0.24;0.03;-0.12;0.22;0.17;0.24
208.72;0.24;0.03;-0.11;0.22;0.17;0.24
208.76;0.24;0.02;-0.09;0.22;0.17;0.24
208.80;0.24;0.02;-0.08;0.22;0.17;0.24
208.84;0.24;0.02;-0.05;0.22;0.17;0.24
208.88;0.24;0.02;-0.01;0.22;0.17;0.24
208.92;0.24;0.02;0.00;0.22;0.17;0.24
208.96;0.24;0.02;0.01;0.22;0.17;0.24
209.00;0.24;0.02;0.06;0.22;0.17;0.24
209.04;0.26;0.02;0.07;0.23;0.16;0.24
209.08;0.28;0.02;0.08;0.23;0.15;0.24
209.12;0.29;0.02;0.10;0.24;0.15;0.24
209.16;0.32;0.02;0.11;0.26;0.15;0.24
209.20;0.35;0.05;0.11;0.27;0.14;0.24
209.24;0.37;0.09;0.13;0.27;0.13;0.24
209.28;0.39;0.10;0.14;0.28;0.12;0.24
209.32;0.42;0.12;0.15;0.28;0.12;0.24
209.36;0.43;0.14;0.16;0.28;0.12;0.25
209.40;0.45;0.16;0.17;0.28;0.12;0.25
209.44;0.46;0.17;0.18;0.28;0.12;0.25
209.48;0.46;0.18;0.18;0.28;0.12;0.25
209.52;0.47;0.20;0.20;0.28;0.12;0.25
209.56;0.48;0.22;0.21;0.30;0.12;0.26
209.60;0.48;0.25;0.21;0.31;0.12;0.26
209.64;0.48;0.28;0.23;0.31;0.11;0.26
209.68;0.49;0.29;0.23;0.31;0.10;0.26
209.72;0.51;0.29;0.23;0.31;0.09;0.26
209.76;0.50;0.30;0.23;0.31;0.08;0.26
209.80;0.50;0.31;0.24;0.31;0.08;0.26
209.84;0.50;0.32;0.24;0.31;0.08;0.27
209.88;0.50;0.32;0.24;0.31;0.08;0.27
209.92;0.50;0.32;0.24;0.31;0.08;0.27
209.96;0.50;0.32;0.25;0.31;0.09;0.27
210.00;0.50;0.32;0.26;0.31;0.10;0.27
210.04;0.50;0.32;0.26;0.31;0.10;0.27
210.08;0.50;0.32;0.26;0.31;0.10;0.27
210.12;0.50;0.32;0.27;0.32;0.11;0.27
210.16;0.50;0.32;0.27;0.32;0.11;0.27
210.20;0.50;0.32;0.27;0.32;0.11;0.27
210.24;0.50;0.32;0.28;0.32;0.11;0.27
210.28;0.50;0.33;0.28;0.32;0.11;0.27
210.32;0.50;0.34;0.28;0.32;0.11;0.27
210.36;0.50;0.34;0.28;0.32;0.11;0.27
210.40;0.50;0.34;0.28;0.32;0.11;0.27
210.44;0.50;0.34;0.28;0.32;0.11;0.27
210.48;0.50;0.34;0.29;0.33;0.12;0.27
210.52;0.50;0.34;0.30;0.33;0.12;0.27
210.56;0.50;0.34;0.30;0.33;0.13;0.27
210.60;0.50;0.34;0.31;0.33;0.13;0.27
210.64;0.50;0.35;0.31;0.33;0.13;0.27
210.68;0.50;0.35;0.31;0.33;0.13;0.27
210.72;0.50;0.35;0.32;0.33;0.13;0.27
210.76;0.50;0.35;0.32;0.33;0.13;0.27
210.80;0.49;0.35;0.32;0.33;0.13;0.27
210.84;0.45;0.35;0.33;0.34;0.13;0.27
210.88;0.42;0.35;0.33;0.34;0.13;0.27
210.92;0.42;0.35;0.34;0.34;0.13;0.27
210.96;0.41;0.35;0.35;0.34;0.13;0.27
211.00;0.41;0.35;0.35;0.34;0.13;0.27
211.04;0.40;0.35;0.35;0.34;0.13;0.27
211.08;0.40;0.35;0.36;0.34;0.13;0.27
211.12;0.40;0.35;0.36;0.34;0.13;0.27
211.16;0.40;0.35;0.36;0.34;0.13;0.27
211.20;0.39;0.35;0.36;0.34;0.13;0.27
211.24;0.39;0.35;0.36;0.35;0.13;0.27
211.28;0.39;0.35;0.36;0.35;0.15;0.27
211.32;0.38;0.35;0.36;0.35;0.16;0.27
211.36;0.38;0.35;0.36;0.35;0.18;0.27
211.40;0.38;0.35;0.36;0.35;0.20;0.27
211.44;0.37;0.35;0.36;0.36;0.21;0.27
211.48;0.37;0.35;0.36;0.36;0.21;0.27
211.52;0.37;0.35;0.36;0.36;0.21;0.27
211.56;0.37;0.34;0.36;0.36;0.21;0.27
211.60;0.37;0.34;0.36;0.36;0.21;0.27
211.64;0.36;0.33;0.36;0.36;0.21;0.27
211.68;0.36;0.33;0.35;0.36;0.21;0.27
211.72;0.36;0.33;0.35;0.36;0.21;0.27
211.76;0.36;0.33;0.35;0.36;0.21;0.27
211.80;0.36;0.33;0.35;0.36;0.21;0.27
211.84;0.36;0.33;0.35;0.36;0.21;0.27
211.88;0.36;0.33;0.34;0.36;0.21;0.27
211.92;0.36;0.33;0.34;0.36;0.21;0.27
211.96;0.36;0.33;0.33;0.36;0.21;0.27
212.00;0.36;0.33;0.33;0.36;0.21;0.27
212.04;0.37;0.34;0.32;0.36;0.21;0.27
212.08;0.37;0.34;0.31;0.36;0.21;0.27
212.12;0.37;0.34;0.30;0.36;0.21;0.27
212.16;0.37;0.34;0.29;0.36;0.21;0.27
212.20;0.38;0.34;0.29;0.36;0.21;0.27
212.24;0.40;0.34;0.29;0.36;0.21;0.27
212.28;0.42;0.34;0.28;0.37;0.21;0.27
212.32;0.43;0.34;0.28;0.37;0.21;0.27
212.36;0.45;0.34;0.28;0.37;0.21;0.27
212.40;0.45;0.34;0.28;0.37;0.21;0.27
212.44;0.45;0.34;0.27;0.37;0.21;0.27
212.48;0.45;0.34;0.27;0.37;0.21;0.27
212.52;0.45;0.34;0.27;0.37;0.21;0.27
212.56;0.45;0.34;0.26;0.37;0.21;0.27
212.60;0.45;0.34;0.26;0.37;0.21;0.27
212.64;0.45;0.34;0.26;0.37;0.21;0.27
212.68;0.45;0.34;0.26;0.37;0.21;0.27
212.72;0.45;0.34;0.26;0.37;0.21;0.27
212.76;0.45;0.34;0.26;0.37;0.21;0.27
212.80;0.45;0.34;0.25;0.37;0.21;0.27
212.84;0.45;0.34;0.25;0.37;0.21;0.27
212.88;0.45;0.34;0.25;0.37;0.21;0.27
212.92;0.45;0.34;0.25;0.37;0.21;0.27
212.96;0.45;0.34;0.25;0.37;0.21;0.27
213.00;0.45;0.34;0.25;0.38;0.21;0.27
213.04;0.45;0.34;0.25;0.38;0.21;0.27
213.08;0.45;0.34;0.25;0.38;0.21;0.27
213.12;0.45;0.34;0.25;0.38;0.21;0.27
213.16;0.45;0.34;0.25;0.38;0.21;0.27
213.20;0.45;0.34;0.25;0.38;0.21;0.27
213.24;0.45;0.33;0.25;0.38;0.21;0.27
213.28;0.45;0.33;0.25;0.38;0.21;0.27
213.32;0.45;0.33;0.25;0.38;0.21;0.27
213.36;0.45;0.32;0.25;0.38;0.21;0.27
213.40;0.45;0.32;0.25;0.38;0.21;0.27
213.44;0.45;0.32;0.25;0.38;0.21;0.27
213.48;0.45;0.32;0.25;0.38;0.21;0.27
213.52;0.45;0.32;0.25;0.38;0.21;0.27
213.56;0.45;0.32;0.25;0.38;0.21;0.27
213.60;0.45;0.32;0.25;0.38;0.21;0.27
213.64;0.45;0.32;0.25;0.38;0.21;0.27
213.68;0.45;0.32;0.25;0.38;0.21;0.27
213.72;0.45;0.32;0.25;0.38;0.21;0.27
213.76;0.45;0.32;0.25;0.38;0.21;0.27
213.80;0.45;0.31;0.25;0.38;0.20;0.27
213.84;0.45;0.31;0.25;0.38;0.18;0.27
213.88;0.45;0.31;0.25;0.38;0.14;0.27
213.92;0.45;0.31;0.25;0.38;0.11;0.27
213.96;0.45;0.31;0.25;0.38;0.09;0.27
214.00;0.45;0.31;0.26;0.38;0.08;0.27
214.04;0.45;0.31;0.27;0.38;0.08;0.27
214.08;0.45;0.31;0.29;0.38;0.08;0.26
214.12;0.45;0.31;0.30;0.38;0.08;0.26
214.16;0.45;0.31;0.32;0.38;0.08;0.26
214.20;0.45;0.31;0.36;0.38;0.08;0.26
214.24;0.45;0.32;0.37;0.38;0.08;0.26
214.28;0.45;0.32;0.37;0.38;0.08;0.26
214.32;0.45;0.33;0.38;0.38;0.07;0.27
214.36;0.45;0.34;0.40;0.38;0.07;0.27
214.40;0.45;0.35;0.40;0.38;0.07;0.27
214.44;0.45;0.35;0.41;0.38;0.06;0.27
214.48;0.45;0.35;0.42;0.38;0.04;0.27
214.52;0.45;0.35;0.43;0.38;0.03;0.27
214.56;0.45;0.36;0.45;0.38;0.02;0.27
214.60;0.45;0.37;0.45;0.38;0.02;0.27
214.64;0.45;0.38;0.47;0.38;0.01;0.27
214.68;0.45;0.38;0.47;0.38;-0.01;0.27
214.72;0.45;0.39;0.47;0.38;-0.01;0.27
214.76;0.45;0.39;0.47;0.38;-0.01;0.27
214.80;0.45;0.39;0.47;0.38;-0.01;0.27
214.84;0.45;0.39;0.47;0.38;-0.01;0.27
214.88;0.45;0.39;0.48;0.38;-0.01;0.27
214.92;0.45;0.39;0.48;0.38;-0.01;0.27
214.96;0.45;0.39;0.48;0.38;-0.01;0.27
215.00;0.45;0.39;0.48;0.38;-0.01;0.27
215.04;0.45;0.39;0.48;0.38;-0.02;0.27
215.08;0.45;0.39;0.48;0.38;-0.02;0.27
215.12;0.45;0.39;0.48;0.38;-0.02;0.27
215.16;0.45;0.39;0.48;0.38;-0.02;0.27
215.20;0.45;0.39;0.48;0.38;-0.02;0.27
215.24;0.45;0.39;0.48;0.38;-0.02;0.27
215.28;0.45;0.39;0.48;0.38;-0.02;0.27
215.32;0.45;0.39;0.49;0.38;-0.02;0.27
215.36;0.45;0.39;0.50;0.38;-0.02;0.27
215.40;0.45;0.39;0.52;0.38;-0.02;0.27
215.44;0.45;0.39;0.52;0.38;-0.02;0.27
215.48;0.45;0.39;0.52;0.38;-0.02;0.26
215.52;0.45;0.39;0.52;0.38;-0.02;0.26
215.56;0.45;0.39;0.52;0.38;-0.02;0.26
215.60;0.45;0.39;0.52;0.38;-0.02;0.26
215.64;0.45;0.38;0.52;0.38;-0.02;0.26
215.68;0.45;0.38;0.52;0.38;-0.02;0.26
215.72;0.45;0.38;0.52;0.38;-0.05;0.26
215.76;0.45;0.38;0.52;0.38;-0.08;0.26
215.80;0.45;0.39;0.52;0.38;-0.09;0.26
215.84;0.45;0.39;0.52;0.38;-0.10;0.26
215.88;0.45;0.39;0.52;0.38;-0.10;0.26
215.92;0.45;0.39;0.51;0.38;-0.10;0.26
215.96;0.44;0.39;0.50;0.38;-0.13;0.27
216.00;0.44;0.39;0.49;0.38;-0.14;0.27
216.04;0.44;0.39;0.49;0.38;-0.15;0.27
216.08;0.44;0.39;0.48;0.39;-0.15;0.27
216.12;0.44;0.39;0.47;0.39;-0.15;0.27
216.16;0.44;0.39;0.47;0.39;-0.15;0.27
216.20;0.44;0.39;0.47;0.39;-0.15;0.27
216.24;0.44;0.39;0.47;0.40;-0.15;0.27
216.28;0.44;0.39;0.46;0.40;-0.15;0.27
216.32;0.44;0.39;0.46;0.40;-0.15;0.27
216.36;0.44;0.39;0.44;0.40;-0.15;0.27
216.40;0.44;0.39;0.43;0.40;-0.15;0.27
216.44;0.44;0.39;0.43;0.41;-0.14;0.27
216.48;0.44;0.39;0.43;0.41;-0.14;0.27
216.52;0.44;0.39;0.43;0.41;-0.14;0.27
216.56;0.44;0.39;0.43;0.41;-0.14;0.27
216.60;0.44;0.39;0.43;0.41;-0.14;0.27
216.64;0.44;0.38;0.43;0.41;-0.14;0.27
216.68;0.44;0.38;0.43;0.41;-0.14;0.27
216.72;0.44;0.38;0.43;0.41;-0.14;0.27
216.76;0.44;0.36;0.43;0.41;-0.14;0.27
216.80;0.44;0.35;0.43;0.41;-0.14;0.27
216.84;0.44;0.34;0.43;0.41;-0.12;0.27
216.88;0.44;0.34;0.43;0.41;-0.09;0.28
216.92;0.44;0.34;0.43;0.41;-0.08;0.28
216.96;0.44;0.34;0.43;0.41;-0.07;0.28
217.00;0.44;0.33;0.43;0.41;-0.07;0.28
217.04;0.44;0.33;0.43;0.41;-0.07;0.28
217.08;0.44;0.33;0.43;0.41;-0.07;0.28
217.12;0.44;0.33;0.43;0.41;-0.07;0.28
217.16;0.44;0.33;0.43;0.41;-0.07;0.28
217.20;0.44;0.32;0.43;0.41;-0.07;0.28
217.24;0.44;0.32;0.42;0.41;-0.07;0.28
217.28;0.44;0.32;0.42;0.41;-0.07;0.28
217.32;0.44;0.32;0.42;0.41;-0.07;0.28
217.36;0.44;0.32;0.42;0.41;-0.07;0.28
217.40;0.44;0.31;0.42;0.41;-0.07;0.28
217.44;0.44;0.30;0.41;0.41;-0.06;0.28
217.48;0.44;0.29;0.41;0.41;-0.06;0.28
217.52;0.44;0.29;0.41;0.41;-0.06;0.28
217.56;0.44;0.29;0.41;0.41;-0.06;0.28
217.60;0.44;0.29;0.41;0.41;-0.05;0.28
217.64;0.44;0.29;0.41;0.41;-0.05;0.28
217.68;0.44;0.28;0.41;0.41;-0.05;0.28
217.72;0.44;0.28;0.41;0.41;-0.05;0.28
217.76;0.44;0.28;0.41;0.41;-0.05;0.28
217.80;0.44;0.27;0.41;0.41;-0.05;0.28
217.84;0.44;0.27;0.41;0.41;-0.05;0.28
217.88;0.44;0.27;0.41;0.41;-0.05;0.28
217.92;0.44;0.27;0.41;0.41;-0.05;0.28
217.96;0.44;0.27;0.41;0.41;-0.05;0.28
218.00;0.44;0.26;0.41;0.41;-0.05;0.28
218.04;0.44;0.26;0.41;0.41;-0.05;0.28
218.08;0.44;0.26;0.41;0.41;-0.05;0.28
218.12;0.44;0.26;0.41;0.41;-0.05;0.28
218.16;0.44;0.26;0.40;0.41;-0.05;0.28
218.20;0.44;0.26;0.40;0.41;-0.05;0.28
218.24;0.44;0.26;0.40;0.41;-0.05;0.28
218.28;0.44;0.26;0.40;0.41;-0.05;0.28
218.32;0.44;0.26;0.40;0.41;-0.04;0.28
218.36;0.44;0.26;0.40;0.41;-0.04;0.27
218.40;0.44;0.26;0.40;0.40;-0.01;0.27
218.44;0.44;0.27;0.40;0.40;0.00;0.27
218.48;0.44;0.27;0.40;0.40;0.00;0.27
218.52;0.44;0.27;0.40;0.40;0.00;0.27
218.56;0.43;0.27;0.40;0.40;0.00;0.27
218.60;0.41;0.27;0.39;0.40;0.00;0.27
218.64;0.39;0.27;0.39;0.40;0.00;0.27
218.68;0.39;0.27;0.39;0.40;0.00;0.27
218.72;0.38;0.26;0.39;0.40;0.00;0.27
218.76;0.35;0.26;0.39;0.40;0.00;0.27
218.80;0.32;0.26;0.39;0.40;0.00;0.27
218.84;0.30;0.26;0.38;0.39;0.00;0.27
218.88;0.27;0.26;0.38;0.39;0.00;0.27
218.92;0.25;0.26;0.38;0.39;0.00;0.27
218.96;0.24;0.26;0.38;0.39;0.00;0.27
219.00;0.23;0.25;0.37;0.39;0.00;0.27
219.04;0.22;0.24;0.37;0.39;0.00;0.27
219.08;0.21;0.24;0.37;0.39;0.00;0.27
219.12;0.21;0.24;0.35;0.39;0.00;0.27
219.16;0.21;0.24;0.33;0.39;0.00;0.27
219.20;0.21;0.23;0.30;0.39;0.00;0.27
219.24;0.21;0.23;0.29;0.39;0.00;0.27
219.28;0.21;0.23;0.29;0.39;0.00;0.27
219.32;0.21;0.23;0.28;0.39;0.00;0.27
219.36;0.21;0.23;0.28;0.39;0.00;0.27
219.40;0.21;0.23;0.26;0.39;0.00;0.27
219.44;0.21;0.23;0.26;0.39;0.00;0.27
219.48;0.21;0.23;0.26;0.39;0.00;0.27
219.52;0.21;0.23;0.25;0.39;0.00;0.27
219.56;0.21;0.23;0.23;0.39;0.00;0.27
219.60;0.21;0.23;0.23;0.39;0.00;0.27
219.64;0.21;0.23;0.23;0.39;0.00;0.27
219.68;0.21;0.23;0.22;0.39;0.00;0.27
219.72;0.21;0.23;0.22;0.39;0.00;0.27
219.76;0.21;0.23;0.21;0.39;0.00;0.27
219.80;0.21;0.23;0.21;0.39;0.00;0.27
219.84;0.21;0.23;0.20;0.39;0.00;0.27
219.88;0.21;0.23;0.20;0.39;0.00;0.27
219.92;0.21;0.23;0.20;0.39;0.01;0.27
219.96;0.21;0.23;0.20;0.39;0.01;0.27
220.00;0.21;0.23;0.20;0.39;0.01;0.27
220.04;0.21;0.23;0.20;0.39;0.01;0.27
220.08;0.21;0.23;0.20;0.39;0.01;0.27
220.12;0.21;0.23;0.20;0.39;0.01;0.27
220.16;0.21;0.23;0.20;0.39;0.01;0.27
220.20;0.21;0.23;0.20;0.39;0.01;0.27
220.24;0.21;0.23;0.20;0.40;0.01;0.27
220.28;0.21;0.23;0.20;0.40;0.01;0.27
220.32;0.21;0.23;0.20;0.40;0.01;0.27
220.36;0.21;0.23;0.19;0.40;0.01;0.27
220.40;0.21;0.23;0.19;0.40;0.01;0.27
220.44;0.21;0.23;0.18;0.40;0.01;0.27
220.48;0.21;0.23;0.18;0.40;0.01;0.27
220.52;0.21;0.23;0.17;0.40;0.01;0.27
220.56;0.21;0.23;0.15;0.40;0.01;0.27
220.60;0.21;0.23;0.15;0.40;0.01;0.27
220.64;0.21;0.23;0.14;0.40;0.02;0.27
220.68;0.21;0.23;0.13;0.40;0.03;0.27
220.72;0.21;0.23;0.13;0.40;0.05;0.27
220.76;0.21;0.23;0.13;0.40;0.07;0.27
220.80;0.21;0.23;0.13;0.40;0.08;0.27
220.84;0.21;0.23;0.12;0.40;0.08;0.27
220.88;0.21;0.23;0.11;0.40;0.08;0.27
220.92;0.21;0.23;0.10;0.40;0.08;0.27
220.96;0.21;0.23;0.08;0.40;0.08;0.27
221.00;0.21;0.23;0.06;0.40;0.08;0.27
221.04;0.21;0.23;0.04;0.40;0.08;0.27
221.08;0.21;0.23;0.04;0.40;0.08;0.27
221.12;0.21;0.23;0.04;0.40;0.08;0.27
221.16;0.21;0.23;0.04;0.40;0.08;0.27
221.20;0.21;0.23;0.03;0.40;0.08;0.27
221.24;0.21;0.23;0.03;0.40;0.08;0.27
221.28;0.21;0.23;0.03;0.40;0.08;0.27
221.32;0.21;0.23;0.02;0.40;0.08;0.27
221.36;0.21;0.25;0.02;0.40;0.08;0.27
221.40;0.21;0.25;0.01;0.40;0.08;0.27
221.44;0.21;0.25;-0.01;0.40;0.08;0.27
221.48;0.21;0.25;-0.02;0.40;0.08;0.27
221.52;0.23;0.25;-0.02;0.40;0.08;0.27
221.56;0.23;0.25;-0.02;0.40;0.08;0.27
221.60;0.24;0.25;-0.02;0.40;0.07;0.27
221.64;0.24;0.25;-0.02;0.40;0.04;0.27
221.68;0.25;0.24;-0.03;0.40;-0.01;0.27
221.72;0.25;0.24;-0.03;0.40;-0.02;0.27
221.76;0.25;0.24;-0.03;0.40;-0.02;0.27
221.80;0.25;0.24;-0.03;0.40;-0.03;0.27
221.84;0.25;0.24;-0.03;0.40;-0.05;0.27
221.88;0.25;0.23;-0.03;0.40;-0.07;0.27
221.92;0.25;0.22;-0.03;0.40;-0.07;0.27
221.96;0.25;0.21;-0.03;0.40;-0.07;0.27
222.00;0.25;0.18;-0.03;0.40;-0.07;0.27
222.04;0.25;0.15;-0.03;0.40;-0.07;0.27
222.08;0.25;0.14;-0.03;0.40;-0.07;0.27
222.12;0.25;0.14;-0.03;0.40;-0.07;0.27
222.16;0.25;0.13;-0.03;0.40;-0.07;0.27
222.20;0.25;0.12;-0.03;0.40;-0.07;0.27
222.24;0.25;0.11;-0.03;0.40;-0.07;0.27
222.28;0.25;0.10;-0.03;0.40;-0.07;0.27
222.32;0.25;0.10;-0.03;0.40;-0.07;0.27
222.36;0.25;0.09;-0.03;0.40;-0.07;0.27
222.40;0.25;0.07;-0.03;0.40;-0.07;0.27
222.44;0.25;0.04;-0.03;0.40;-0.07;0.27
222.48;0.25;0.03;-0.03;0.40;-0.07;0.27
222.52;0.25;0.03;-0.03;0.40;-0.07;0.27
222.56;0.25;0.03;-0.03;0.40;-0.07;0.27
222.60;0.24;0.03;-0.03;0.40;-0.07;0.27
222.64;0.22;0.03;-0.03;0.40;-0.07;0.27
222.68;0.20;0.03;-0.03;0.40;-0.07;0.27
222.72;0.18;0.03;-0.03;0.40;-0.07;0.27
222.76;0.16;0.03;-0.03;0.40;-0.07;0.27
222.80;0.15;0.03;-0.03;0.40;-0.07;0.27
222.84;0.14;0.03;-0.03;0.40;-0.07;0.27
222.88;0.12;0.03;-0.03;0.40;-0.07;0.27
222.92;0.11;0.03;-0.03;0.40;-0.07;0.27
222.96;0.10;0.02;-0.03;0.40;-0.08;0.27
223.00;0.09;0.02;-0.03;0.40;-0.08;0.27
223.04;0.07;0.02;-0.03;0.40;-0.08;0.27
223.08;0.04;0.02;-0.03;0.40;-0.08;0.27
223.12;0.03;0.02;-0.03;0.40;-0.08;0.27
223.16;0.03;0.02;-0.03;0.40;-0.08;0.27
223.20;0.03;0.02;-0.03;0.40;-0.08;0.27
223.24;0.02;0.02;-0.03;0.40;-0.08;0.27
223.28;0.01;0.02;-0.03;0.40;-0.09;0.27
223.32;0.01;0.02;-0.03;0.40;-0.10;0.27
223.36;0.01;0.02;-0.03;0.40;-0.11;0.27
223.40;0.01;0.02;-0.03;0.40;-0.11;0.27
223.44;0.01;0.02;-0.03;0.40;-0.12;0.27
223.48;0.00;0.02;-0.03;0.40;-0.12;0.27
223.52;0.00;0.02;-0.03;0.40;-0.12;0.27
223.56;0.00;0.02;-0.03;0.40;-0.12;0.27
223.60;0.00;0.02;-0.03;0.40;-0.12;0.27
223.64;0.00;0.02;-0.03;0.40;-0.12;0.27
223.68;0.00;0.02;-0.03;0.40;-0.12;0.27
223.72;0.00;0.02;-0.03;0.40;-0.12;0.27
223.76;0.00;0.02;-0.03;0.40;-0.12;0.27
223.80;0.00;0.02;-0.03;0.40;-0.12;0.27
223.84;0.00;0.02;-0.03;0.40;-0.12;0.27
223.88;0.00;0.02;-0.03;0.40;-0.12;0.27
223.92;0.00;0.02;-0.03;0.40;-0.12;0.27
223.96;0.00;0.02;-0.03;0.40;-0.12;0.27
224.00;0.00;0.02;-0.03;0.40;-0.12;0.27
224.04;0.00;0.02;-0.03;0.40;-0.12;0.27
224.08;0.00;0.02;-0.03;0.40;-0.12;0.27
224.12;0.00;0.02;-0.03;0.40;-0.12;0.27
224.16;0.00;0.02;-0.03;0.40;-0.12;0.27
224.20;0.00;0.02;-0.03;0.40;-0.12;0.27
224.24;0.00;0.02;-0.03;0.40;-0.12;0.27
224.28;0.00;0.02;-0.03;0.40;-0.12;0.27
224.32;0.00;0.02;-0.03;0.40;-0.12;0.27
224.36;0.00;0.02;-0.03;0.40;-0.12;0.27
224.40;0.00;0.02;-0.03;0.40;-0.12;0.27
224.44;0.00;0.02;-0.03;0.40;-0.12;0.27
224.48;0.00;0.02;-0.03;0.40;-0.12;0.27
224.52;0.00;0.02;-0.03;0.40;-0.12;0.27
224.56;0.00;0.02;-0.03;0.40;-0.12;0.27
224.60;0.00;0.02;-0.03;0.40;-0.12;0.27
224.64;0.00;0.02;-0.03;0.40;-0.12;0.27
224.68;0.00;0.02;-0.03;0.40;-0.12;0.27
224.72;0.00;0.02;-0.03;0.40;-0.12;0.27
224.76;0.00;0.02;-0.03;0.40;-0.12;0.27
224.80;0.00;0.02;-0.03;0.40;-0.12;0.27
224.84;0.00;0.02;-0.03;0.40;-0.12;0.27
224.88;0.00;0.02;-0.03;0.40;-0.12;0.27
224.92;0.00;0.02;-0.03;0.40;-0.12;0.27
224.96;0.00;0.02;-0.03;0.40;-0.12;0.27
225.00;0.00;0.02;-0.03;0.40;-0.12;0.27
225.04;0.00;0.02;-0.03;0.40;-0.12;0.27
225.08;0.00;0.02;-0.03;0.40;-0.12;0.27
225.12;0.00;0.02;-0.03;0.40;-0.12;0.27
225.16;0.00;0.02;-0.03;0.40;-0.12;0.27
225.20;0.00;0.02;-0.03;0.40;-0.12;0.27
225.24;0.00;0.02;-0.03;0.40;-0.12;0.27
225.28;0.00;0.02;-0.03;0.40;-0.12;0.27
225.32;0.01;0.02;-0.03;0.40;-0.12;0.27
225.36;0.02;0.02;-0.03;0.40;-0.12;0.27
225.40;0.03;0.02;-0.03;0.40;-0.12;0.27
225.44;0.04;0.02;-0.03;0.40;-0.12;0.27
225.48;0.05;0.02;-0.03;0.40;-0.12;0.27
225.52;0.06;0.02;-0.03;0.40;-0.11;0.27
225.56;0.07;0.02;-0.03;0.40;-0.10;0.27
225.60;0.09;0.02;-0.03;0.40;-0.09;0.27
225.64;0.10;0.02;-0.03;0.40;-0.08;0.27
225.68;0.12;0.02;-0.03;0.40;-0.08;0.27
225.72;0.12;0.02;-0.03;0.40;-0.08;0.27
225.76;0.13;0.02;-0.03;0.40;-0.07;0.27
225.80;0.14;0.02;-0.03;0.40;-0.07;0.27
225.84;0.14;0.02;-0.03;0.40;-0.07;0.27
225.88;0.14;0.02;-0.03;0.40;-0.07;0.27
225.92;0.14;0.01;-0.03;0.40;-0.07;0.27
225.96;0.14;0.01;-0.03;0.40;-0.07;0.27
226.00;0.14;0.01;-0.03;0.40;-0.07;0.27
226.04;0.14;0.01;-0.03;0.40;-0.07;0.27
226.08;0.14;0.01;-0.03;0.40;-0.07;0.27
226.12;0.14;0.01;-0.03;0.40;-0.07;0.27
226.16;0.14;0.01;-0.03;0.40;-0.07;0.27
226.20;0.14;0.01;-0.03;0.40;-0.07;0.27
226.24;0.14;0.01;-0.03;0.40;-0.07;0.27
226.28;0.15;0.01;-0.03;0.40;-0.07;0.27
226.32;0.16;0.01;-0.03;0.40;-0.07;0.27
226.36;0.17;0.01;-0.03;0.40;-0.07;0.27
226.40;0.17;0.01;-0.03;0.40;-0.07;0.27
226.44;0.17;0.01;-0.03;0.40;-0.07;0.27
226.48;0.17;0.01;-0.03;0.40;-0.07;0.27
226.52;0.17;0.01;-0.03;0.40;-0.07;0.27
226.56;0.17;0.01;-0.03;0.40;-0.07;0.27
226.60;0.17;0.01;-0.03;0.39;-0.07;0.27
226.64;0.17;0.01;-0.03;0.39;-0.07;0.27
226.68;0.17;-0.01;-0.03;0.39;-0.07;0.27
226.72;0.17;-0.02;-0.03;0.39;-0.07;0.27
226.76;0.17;-0.03;-0.03;0.38;-0.07;0.27
226.80;0.17;-0.04;-0.03;0.38;-0.07;0.27
226.84;0.17;-0.05;-0.03;0.38;-0.07;0.27
226.88;0.17;-0.06;-0.03;0.38;-0.07;0.27
226.92;0.17;-0.06;-0.03;0.38;-0.07;0.27
226.96;0.17;-0.07;-0.03;0.38;-0.07;0.27
227.00;0.17;-0.07;-0.03;0.38;-0.07;0.27
227.04;0.17;-0.07;-0.03;0.38;-0.07;0.27
227.08;0.17;-0.07;-0.03;0.38;-0.07;0.27
227.12;0.17;-0.07;-0.03;0.38;-0.07;0.27
227.16;0.17;-0.07;-0.03;0.38;-0.07;0.27
227.20;0.17;-0.07;-0.03;0.38;-0.07;0.27
227.24;0.17;-0.07;-0.03;0.38;-0.07;0.27
227.28;0.18;-0.07;-0.03;0.37;-0.07;0.27
227.32;0.18;-0.07;-0.03;0.37;-0.07;0.27
227.36;0.18;-0.06;-0.03;0.37;-0.07;0.27
227.40;0.18;-0.06;-0.03;0.37;-0.07;0.27
227.44;0.18;-0.06;-0.03;0.36;-0.07;0.27
227.48;0.18;-0.06;-0.03;0.36;-0.07;0.27
227.52;0.18;-0.06;-0.03;0.36;-0.07;0.27
227.56;0.18;-0.06;-0.03;0.35;-0.07;0.27
227.60;0.18;-0.06;-0.03;0.35;-0.07;0.27
227.64;0.18;-0.05;-0.03;0.34;-0.07;0.27
227.68;0.18;-0.05;-0.03;0.34;-0.06;0.27
227.72;0.18;-0.04;-0.03;0.34;-0.05;0.27
227.76;0.18;-0.03;-0.03;0.33;-0.05;0.27
227.80;0.18;-0.02;-0.03;0.33;-0.05;0.27
227.84;0.18;-0.01;-0.03;0.33;-0.04;0.27
227.88;0.18;-0.01;-0.03;0.32;-0.04;0.27
227.92;0.18;-0.01;-0.03;0.32;-0.03;0.27
227.96;0.18;-0.01;-0.03;0.32;-0.03;0.27
228.00;0.18;-0.00;-0.03;0.31;-0.03;0.27
228.04;0.18;0.00;-0.03;0.31;-0.04;0.27
228.08;0.18;0.00;-0.03;0.31;-0.04;0.27
228.12;0.18;0.00;-0.03;0.31;-0.04;0.27
228.16;0.18;0.00;-0.03;0.31;-0.04;0.27
228.20;0.18;0.00;-0.03;0.31;-0.04;0.27
228.24;0.18;0.00;-0.03;0.31;-0.04;0.27
228.28;0.18;-0.00;-0.03;0.31;-0.04;0.27
228.32;0.18;-0.00;-0.03;0.31;-0.04;0.27
228.36;0.18;-0.00;-0.03;0.31;-0.04;0.28
228.40;0.18;-0.00;-0.03;0.30;-0.04;0.28
228.44;0.18;-0.00;-0.03;0.30;-0.04;0.28
228.48;0.18;-0.00;-0.03;0.30;-0.04;0.28
228.52;0.18;-0.00;-0.03;0.30;-0.04;0.28
228.56;0.19;-0.00;-0.03;0.30;-0.04;0.28
228.60;0.20;-0.00;-0.03;0.30;-0.04;0.28
228.64;0.20;-0.00;-0.03;0.29;-0.04;0.28
228.68;0.21;-0.00;-0.03;0.29;-0.04;0.28
228.72;0.21;-0.00;-0.03;0.29;-0.04;0.28
228.76;0.22;-0.00;-0.03;0.29;-0.04;0.28
228.80;0.22;-0.00;-0.03;0.29;-0.04;0.28
228.84;0.22;-0.00;-0.03;0.29;-0.04;0.28
228.88;0.22;-0.00;-0.03;0.29;-0.04;0.28
228.92;0.22;-0.00;-0.03;0.28;-0.04;0.28
228.96;0.22;-0.00;-0.03;0.28;-0.04;0.28
229.00;0.22;-0.00;-0.03;0.28;-0.04;0.28
229.04;0.22;-0.00;-0.03;0.28;-0.04;0.28
229.08;0.22;-0.00;-0.03;0.27;-0.04;0.28
229.12;0.22;-0.00;-0.03;0.27;-0.04;0.28
229.16;0.22;-0.00;-0.03;0.27;-0.03;0.29
229.20;0.22;-0.00;-0.03;0.27;-0.03;0.29
229.24;0.22;-0.00;-0.03;0.26;-0.03;0.29
229.28;0.22;-0.00;-0.03;0.26;-0.03;0.29
229.32;0.23;-0.00;-0.03;0.26;-0.03;0.29
229.36;0.22;-0.00;-0.03;0.26;-0.03;0.29
229.40;0.22;-0.00;-0.03;0.26;-0.03;0.29
229.44;0.22;-0.00;-0.03;0.26;-0.03;0.29
229.48;0.22;-0.00;-0.03;0.26;-0.01;0.29
229.52;0.22;-0.00;-0.03;0.26;0.00;0.29
229.56;0.22;-0.00;-0.03;0.25;0.01;0.29
229.60;0.22;-0.00;-0.03;0.25;0.03;0.29
229.64;0.22;-0.00;-0.03;0.25;0.03;0.29
229.68;0.22;-0.00;-0.03;0.25;0.04;0.29
229.72;0.22;-0.00;-0.03;0.25;0.04;0.29
229.76;0.22;-0.00;-0.03;0.24;0.04;0.29
229.80;0.22;-0.00;-0.03;0.24;0.04;0.29
229.84;0.22;-0.00;-0.03;0.24;0.04;0.30
229.88;0.22;-0.00;-0.03;0.24;0.04;0.30
229.92;0.22;-0.00;-0.03;0.24;0.04;0.30
229.96;0.22;-0.00;-0.03;0.24;0.04;0.30
230.00;0.22;-0.00;-0.03;0.24;0.04;0.30
230.04;0.22;-0.00;-0.03;0.24;0.04;0.30
230.08;0.22;-0.00;-0.03;0.24;0.04;0.31
230.12;0.22;-0.00;-0.03;0.24;0.05;0.31
230.16;0.22;-0.00;-0.03;0.24;0.05;0.31
230.20;0.22;-0.00;-0.03;0.24;0.06;0.31
230.24;0.22;-0.00;-0.03;0.24;0.08;0.31
230.28;0.22;-0.00;-0.03;0.24;0.10;0.31
230.32;0.22;-0.00;-0.03;0.24;0.12;0.31
230.36;0.22;-0.00;-0.03;0.24;0.13;0.32
230.40;0.22;-0.00;-0.01;0.24;0.13;0.32
230.44;0.22;-0.00;0.00;0.24;0.13;0.32
230.48;0.22;-0.00;0.01;0.24;0.13;0.32
230.52;0.22;-0.00;0.01;0.24;0.13;0.32
230.56;0.22;-0.00;0.01;0.24;0.13;0.32
230.60;0.22;-0.00;0.01;0.24;0.13;0.32
230.64;0.22;-0.00;0.02;0.24;0.13;0.32
230.68;0.22;-0.00;0.02;0.24;0.13;0.32
230.72;0.22;-0.00;0.02;0.24;0.13;0.32
230.76;0.22;-0.00;0.03;0.24;0.13;0.32
230.80;0.22;-0.00;0.03;0.24;0.13;0.32
230.84;0.22;-0.00;0.03;0.24;0.13;0.32
230.88;0.22;-0.00;0.03;0.24;0.13;0.32
230.92;0.22;-0.00;0.03;0.24;0.13;0.32
230.96;0.22;-0.00;0.03;0.24;0.13;0.32
231.00;0.22;-0.00;0.03;0.24;0.13;0.32
231.04;0.22;-0.00;0.03;0.24;0.13;0.32
231.08;0.22;-0.00;0.03;0.24;0.13;0.32
231.12;0.22;-0.00;0.03;0.24;0.13;0.32
231.16;0.22;-0.00;0.03;0.24;0.13;0.32
231.20;0.22;-0.00;0.03;0.24;0.13;0.32
231.24;0.21;-0.00;0.03;0.24;0.13;0.32
231.28;0.20;-0.00;0.03;0.23;0.13;0.32
231.32;0.19;-0.00;0.03;0.23;0.13;0.32
231.36;0.17;-0.00;0.03;0.23;0.13;0.32
231.40;0.15;-0.00;0.03;0.23;0.13;0.32
231.44;0.12;-0.00;0.03;0.23;0.13;0.32
231.48;0.10;-0.00;0.03;0.23;0.13;0.32
231.52;0.08;-0.00;0.03;0.23;0.13;0.32
231.56;0.06;-0.00;0.02;0.23;0.13;0.32
231.60;0.05;-0.00;0.02;0.23;0.13;0.32
231.64;0.04;-0.00;0.02;0.23;0.13;0.32
231.68;0.03;-0.00;0.02;0.23;0.13;0.32
231.72;0.02;-0.00;0.02;0.23;0.13;0.32
231.76;0.01;-0.00;0.02;0.23;0.13;0.32
231.80;0.00;-0.00;0.02;0.23;0.13;0.32
231.84;0.00;-0.00;0.02;0.23;0.13;0.32
231.88;0.00;-0.00;0.02;0.23;0.13;0.32
231.92;0.00;-0.00;0.02;0.23;0.13;0.32
231.96;0.00;-0.00;0.02;0.23;0.13;0.32
232.00;0.00;-0.00;0.02;0.23;0.13;0.32
232.04;-0.01;-0.00;0.02;0.23;0.13;0.32
232.08;-0.01;-0.00;0.02;0.23;0.13;0.32
232.12;-0.01;-0.00;0.02;0.23;0.13;0.32
232.16;-0.01;-0.00;0.02;0.23;0.13;0.32
232.20;-0.01;-0.00;0.02;0.23;0.13;0.32
232.24;-0.01;-0.00;0.02;0.23;0.13;0.32
232.28;-0.01;-0.00;0.02;0.23;0.13;0.32
232.32;-0.01;-0.00;0.02;0.23;0.13;0.32
232.36;-0.01;-0.00;0.02;0.23;0.13;0.32
232.40;-0.01;-0.00;0.01;0.23;0.13;0.32
232.44;-0.01;-0.00;0.01;0.23;0.13;0.32
232.48;-0.01;-0.00;0.01;0.22;0.13;0.32
232.52;-0.01;-0.00;0.01;0.22;0.13;0.32
232.56;-0.01;-0.00;0.01;0.22;0.13;0.32
232.60;-0.01;-0.00;0.01;0.22;0.11;0.32
232.64;-0.01;-0.00;0.01;0.22;0.10;0.32
232.68;-0.01;-0.00;0.01;0.22;0.10;0.32
232.72;-0.01;-0.00;0.01;0.22;0.07;0.32
232.76;-0.01;-0.00;0.01;0.22;0.05;0.32
232.80;-0.01;-0.00;0.01;0.22;0.05;0.32
232.84;-0.01;-0.00;0.01;0.22;0.05;0.32
232.88;-0.01;-0.00;0.01;0.22;0.05;0.32
232.92;-0.01;-0.00;0.02;0.22;0.05;0.32
232.96;-0.01;-0.00;0.03;0.22;0.05;0.32
233.00;-0.01;-0.00;0.03;0.22;0.05;0.32
233.04;-0.01;-0.00;0.03;0.22;0.05;0.32
233.08;-0.01;-0.00;0.03;0.22;0.05;0.32
233.12;-0.01;-0.00;0.03;0.22;0.05;0.32
233.16;-0.01;-0.00;0.03;0.22;0.05;0.32
233.20;-0.01;-0.00;0.03;0.22;0.05;0.32
233.24;-0.01;-0.00;0.03;0.22;0.05;0.31
233.28;-0.01;-0.00;0.03;0.22;0.05;0.31
233.32;-0.01;-0.00;0.03;0.22;0.06;0.31
233.36;-0.01;-0.00;0.03;0.22;0.07;0.31
233.40;-0.01;-0.00;0.03;0.22;0.08;0.31
233.44;-0.01;-0.00;0.03;0.22;0.08;0.31
233.48;-0.01;-0.00;0.03;0.22;0.08;0.31
233.52;-0.01;-0.00;0.03;0.22;0.09;0.31
233.56;-0.01;-0.00;0.03;0.22;0.10;0.31
233.60;-0.01;-0.00;0.03;0.22;0.10;0.31
233.64;-0.01;-0.00;0.03;0.22;0.10;0.31
233.68;-0.01;-0.00;0.02;0.22;0.11;0.31
233.72;-0.01;-0.00;0.02;0.22;0.12;0.31
233.76;-0.01;-0.00;0.02;0.22;0.13;0.31
233.80;-0.01;-0.00;0.02;0.22;0.13;0.31
233.84;-0.01;-0.00;0.02;0.22;0.13;0.31
233.88;-0.01;-0.00;0.02;0.22;0.13;0.31
233.92;-0.01;-0.00;0.02;0.22;0.13;0.31
233.96;-0.01;-0.00;0.02;0.22;0.13;0.31
234.00;-0.01;-0.00;0.02;0.22;0.13;0.30
234.04;-0.01;-0.00;0.02;0.22;0.13;0.30
234.08;-0.01;-0.00;0.02;0.22;0.13;0.30
234.12;-0.01;-0.00;0.02;0.22;0.13;0.30
234.16;-0.01;-0.00;0.02;0.22;0.13;0.29
234.20;-0.01;-0.00;0.02;0.22;0.13;0.29
234.24;-0.01;-0.00;0.02;0.22;0.13;0.29
234.28;-0.01;-0.00;0.02;0.22;0.13;0.29
234.32;-0.01;-0.00;0.02;0.22;0.13;0.28
234.36;-0.01;-0.00;0.02;0.22;0.13;0.28
234.40;-0.01;-0.00;0.02;0.22;0.13;0.28
234.44;-0.01;-0.00;0.02;0.22;0.13;0.28
234.48;-0.01;-0.00;0.02;0.22;0.13;0.27
234.52;-0.01;-0.00;0.02;0.22;0.13;0.27
234.56;-0.01;-0.00;0.02;0.22;0.13;0.27
234.60;-0.01;-0.00;0.02;0.22;0.13;0.27
234.64;-0.01;-0.00;0.02;0.22;0.13;0.27
234.68;-0.01;-0.00;0.02;0.22;0.13;0.26
234.72;-0.01;-0.00;0.02;0.22;0.13;0.26
234.76;-0.01;-0.00;0.02;0.22;0.13;0.26
234.80;-0.01;-0.00;0.02;0.22;0.13;0.26
234.84;-0.01;-0.00;0.02;0.22;0.13;0.26
234.88;-0.01;-0.00;0.02;0.22;0.13;0.26
234.92;-0.01;-0.00;0.02;0.22;0.13;0.26
234.96;-0.01;-0.00;0.02;0.22;0.13;0.26
235.00;-0.01;-0.00;0.02;0.22;0.13;0.26
235.04;-0.01;-0.00;0.02;0.22;0.13;0.26
235.08;-0.01;-0.00;0.02;0.22;0.13;0.25
235.12;-0.01;-0.00;0.02;0.22;0.14;0.25
235.16;-0.01;-0.00;0.02;0.22;0.14;0.25
235.20;-0.01;-0.00;0.02;0.22;0.14;0.25
235.24;-0.01;-0.00;0.02;0.22;0.14;0.25
235.28;-0.01;-0.00;0.02;0.21;0.14;0.25
235.32;-0.01;-0.00;0.02;0.21;0.14;0.24
235.36;-0.01;-0.00;0.02;0.21;0.14;0.23
235.40;-0.01;-0.00;0.02;0.21;0.14;0.23
235.44;-0.01;-0.00;0.02;0.21;0.15;0.22
235.48;-0.01;-0.00;0.02;0.21;0.15;0.22
235.52;-0.01;-0.00;0.02;0.21;0.15;0.21
235.56;-0.01;-0.00;0.03;0.21;0.15;0.21
235.60;-0.01;-0.00;0.03;0.21;0.15;0.20
235.64;-0.01;-0.00;0.03;0.21;0.15;0.20
235.68;-0.01;-0.00;0.04;0.21;0.15;0.20
235.72;-0.01;-0.00;0.04;0.21;0.15;0.20
235.76;-0.01;-0.00;0.04;0.21;0.15;0.20
235.80;-0.01;-0.00;0.04;0.21;0.15;0.19
235.84;-0.01;-0.00;0.04;0.21;0.15;0.19
235.88;-0.01;-0.00;0.04;0.21;0.15;0.19
235.92;-0.01;-0.00;0.05;0.21;0.14;0.19
235.96;-0.01;-0.00;0.06;0.21;0.14;0.19
236.00;-0.01;-0.00;0.06;0.21;0.14;0.19
236.04;-0.01;-0.00;0.06;0.21;0.13;0.19
236.08;-0.01;-0.00;0.07;0.21;0.12;0.19
236.12;-0.01;-0.00;0.07;0.21;0.11;0.19
236.16;-0.01;-0.00;0.07;0.21;0.10;0.18
236.20;-0.01;-0.00;0.07;0.21;0.10;0.18
236.24;-0.01;-0.00;0.07;0.21;0.09;0.18
236.28;-0.01;-0.00;0.07;0.21;0.09;0.18
236.32;-0.01;-0.00;0.07;0.21;0.08;0.18
236.36;-0.01;-0.00;0.07;0.21;0.08;0.18
236.40;-0.01;-0.00;0.07;0.20;0.07;0.18
236.44;-0.01;-0.00;0.07;0.20;0.07;0.18
236.48;-0.01;-0.00;0.07;0.20;0.07;0.18
236.52;-0.01;-0.00;0.07;0.20;0.07;0.18
236.56;-0.01;-0.00;0.07;0.20;0.07;0.18
236.60;-0.01;-0.00;0.07;0.20;0.07;0.18
236.64;-0.01;-0.00;0.07;0.20;0.07;0.18
236.68;-0.01;-0.00;0.07;0.20;0.07;0.18
236.72;-0.01;-0.00;0.07;0.20;0.07;0.18
236.76;-0.01;-0.00;0.07;0.20;0.07;0.18
236.80;-0.01;-0.00;0.07;0.20;0.07;0.18
236.84;-0.01;-0.00;0.07;0.20;0.07;0.18
236.88;-0.01;-0.00;0.07;0.19;0.07;0.18
236.92;-0.01;-0.00;0.07;0.19;0.07;0.18
236.96;-0.01;-0.00;0.07;0.19;0.07;0.18
237.00;-0.01;-0.00;0.07;0.19;0.07;0.18
237.04;-0.01;-0.00;0.07;0.19;0.07;0.18
237.08;-0.01;-0.00;0.07;0.19;0.07;0.18
237.12;-0.01;-0.00;0.07;0.19;0.06;0.18
237.16;-0.01;-0.00;0.07;0.19;0.06;0.18
237.20;-0.01;-0.00;0.07;0.19;0.05;0.18
237.24;-0.01;-0.01;0.07;0.19;0.05;0.18
237.28;-0.01;-0.01;0.07;0.19;0.03;0.18
237.32;-0.01;-0.01;0.07;0.19;0.03;0.18
237.36;-0.01;-0.01;0.07;0.19;0.02;0.18
237.40;-0.01;-0.01;0.07;0.19;0.02;0.18
237.44;-0.01;-0.01;0.07;0.19;0.02;0.18
237.48;-0.01;-0.01;0.07;0.19;0.02;0.18
237.52;-0.01;-0.01;0.07;0.19;0.01;0.18
237.56;-0.01;-0.01;0.07;0.19;0.01;0.18
237.60;-0.01;-0.01;0.07;0.19;0.01;0.18
237.64;-0.01;-0.01;0.07;0.19;0.01;0.18
237.68;-0.01;-0.01;0.07;0.19;0.01;0.18
237.72;-0.01;-0.01;0.07;0.19;0.01;0.18
237.76;-0.01;-0.01;0.07;0.19;0.01;0.18
237.80;-0.01;-0.01;0.07;0.19;0.00;0.17
237.84;-0.01;-0.01;0.08;0.19;0.00;0.17
237.88;-0.01;-0.01;0.08;0.19;0.00;0.17
237.92;-0.01;-0.01;0.08;0.19;-0.00;0.17
237.96;-0.01;-0.01;0.09;0.19;-0.01;0.17
238.00;-0.01;-0.01;0.10;0.19;-0.02;0.17
238.04;-0.01;-0.01;0.10;0.19;-0.04;0.17
238.08;-0.01;-0.01;0.10;0.19;-0.04;0.17
238.12;-0.01;-0.01;0.10;0.18;-0.04;0.16
238.16;-0.01;-0.01;0.10;0.18;-0.04;0.16
238.20;-0.01;-0.01;0.10;0.18;-0.04;0.16
238.24;-0.01;-0.01;0.10;0.18;-0.04;0.16
238.28;-0.01;-0.01;0.10;0.18;-0.04;0.16
238.32;-0.01;-0.01;0.10;0.18;-0.04;0.16
238.36;-0.01;-0.01;0.10;0.18;-0.04;0.16
238.40;-0.01;-0.01;0.10;0.18;-0.04;0.16
238.44;-0.01;-0.01;0.10;0.18;-0.04;0.16
238.48;-0.01;-0.01;0.10;0.18;-0.04;0.16
238.52;-0.01;-0.01;0.10;0.18;-0.04;0.15
238.56;-0.01;-0.01;0.10;0.18;-0.04;0.15
238.60;-0.01;-0.01;0.10;0.18;-0.04;0.15
238.64;-0.01;-0.01;0.10;0.18;-0.04;0.15
238.68;-0.01;-0.01;0.10;0.18;-0.04;0.15
238.72;-0.01;-0.01;0.10;0.18;-0.04;0.15
238.76;-0.01;-0.01;0.10;0.18;-0.04;0.15
238.80;-0.01;-0.01;0.10;0.18;-0.04;0.15
238.84;-0.01;-0.01;0.10;0.18;-0.04;0.15
238.88;-0.01;-0.01;0.10;0.18;-0.04;0.15
238.92;-0.01;-0.01;0.10;0.18;-0.04;0.15
238.96;-0.01;-0.01;0.10;0.18;-0.04;0.15
239.00;-0.01;-0.01;0.10;0.18;-0.04;0.15
239.04;-0.01;-0.01;0.10;0.18;-0.04;0.15
239.08;-0.01;-0.01;0.10;0.18;-0.04;0.15
239.12;-0.01;-0.01;0.10;0.18;-0.04;0.15
239.16;-0.01;-0.01;0.10;0.18;-0.04;0.15
239.20;-0.01;-0.01;0.10;0.18;-0.04;0.15
239.24;-0.01;-0.01;0.09;0.18;-0.04;0.15
239.28;-0.01;-0.01;0.08;0.18;-0.04;0.15
239.32;-0.01;-0.01;0.07;0.17;-0.04;0.14
239.36;-0.01;-0.01;0.07;0.17;-0.05;0.14
239.40;-0.01;-0.01;0.06;0.16;-0.05;0.14
239.44;-0.01;-0.01;0.06;0.15;-0.05;0.14
239.48;-0.03;-0.01;0.05;0.14;-0.06;0.14
239.52;-0.03;-0.01;0.05;0.13;-0.06;0.14
239.56;-0.03;-0.01;0.05;0.12;-0.06;0.13
239.60;-0.04;-0.01;0.04;0.11;-0.07;0.13
239.64;-0.04;-0.01;0.04;0.11;-0.07;0.13
239.68;-0.04;-0.01;0.04;0.10;-0.08;0.12
239.72;-0.04;-0.01;0.03;0.08;-0.08;0.12
239.76;-0.05;-0.01;0.03;0.04;-0.08;0.12
239.80;-0.05;-0.01;0.02;0.02;-0.08;0.12
239.84;-0.06;-0.01;0.02;0.02;-0.08;0.12
239.88;-0.07;-0.01;0.02;0.02;-0.08;0.12
239.92;-0.08;-0.01;0.02;0.02;-0.08;0.12
239.96;-0.09;-0.01;0.02;0.01;-0.08;0.12
240.00;-0.09;-0.01;0.02;0.01;-0.08;0.12
240.04;-0.10;-0.01;0.02;0.01;-0.08;0.12
240.08;-0.11;-0.01;0.02;0.01;-0.08;0.12
240.12;-0.12;-0.01;0.02;0.01;-0.08;0.11
240.16;-0.13;-0.01;0.02;0.01;-0.08;0.11
240.20;-0.13;-0.01;0.02;0.00;-0.08;0.11
240.24;-0.14;-0.01;0.01;0.00;-0.08;0.11
240.28;-0.14;-0.01;0.01;-0.01;-0.08;0.10
240.32;-0.14;-0.01;0.01;-0.01;-0.08;0.10
240.36;-0.15;-0.01;0.01;-0.01;-0.08;0.10
240.40;-0.15;-0.01;0.01;-0.01;-0.08;0.10
240.44;-0.16;-0.01;0.01;-0.01;-0.08;0.10
240.48;-0.16;-0.01;0.01;-0.01;-0.08;0.09
240.52;-0.16;-0.01;0.01;-0.01;-0.08;0.09
240.56;-0.16;-0.01;0.01;-0.01;-0.08;0.08
240.60;-0.16;-0.01;0.01;-0.01;-0.08;0.08
240.64;-0.16;-0.01;0.00;-0.01;-0.08;0.08
240.68;-0.16;-0.01;0.00;-0.01;-0.08;0.08
240.72;-0.16;-0.01;-0.01;-0.01;-0.08;0.08
240.76;-0.16;-0.01;-0.01;-0.01;-0.08;0.08
240.80;-0.16;-0.01;-0.01;-0.01;-0.08;0.07
240.84;-0.16;-0.01;-0.01;-0.01;-0.08;0.07
240.88;-0.16;-0.01;-0.01;-0.01;-0.08;0.07
240.92;-0.16;-0.01;-0.01;-0.01;-0.08;0.07
240.96;-0.16;-0.01;-0.01;-0.01;-0.08;0.07
241.00;-0.16;-0.01;-0.01;-0.01;-0.08;0.07
241.04;-0.16;-0.01;-0.01;-0.01;-0.08;0.07
241.08;-0.16;-0.01;-0.01;-0.01;-0.08;0.07
241.12;-0.16;-0.01;-0.01;-0.01;-0.08;0.06
241.16;-0.16;-0.01;-0.01;-0.01;-0.08;0.06
241.20;-0.16;-0.01;-0.01;-0.01;-0.08;0.06
241.24;-0.16;-0.01;-0.01;-0.01;-0.08;0.06
241.28;-0.16;-0.01;-0.01;-0.01;-0.08;0.05
241.32;-0.16;-0.01;-0.01;-0.01;-0.08;0.05
241.36;-0.16;-0.01;-0.01;-0.01;-0.08;0.05
241.40;-0.16;-0.01;-0.01;-0.01;-0.08;0.05
241.44;-0.16;-0.01;-0.01;-0.01;-0.08;0.05
241.48;-0.16;-0.01;-0.01;-0.01;-0.08;0.05
241.52;-0.16;-0.01;-0.01;-0.01;-0.08;0.05
241.56;-0.16;-0.01;-0.01;-0.01;-0.08;0.05
241.60;-0.16;-0.01;-0.01;-0.01;-0.08;0.05
241.64;-0.16;-0.01;-0.01;-0.01;-0.08;0.05
241.68;-0.16;-0.01;-0.01;-0.01;-0.08;0.05
241.72;-0.16;-0.01;-0.01;-0.01;-0.08;0.05
241.76;-0.16;-0.01;-0.01;-0.01;-0.08;0.05
241.80;-0.16;-0.01;-0.01;-0.01;-0.08;0.05
241.84;-0.16;-0.01;-0.01;-0.01;-0.08;0.04
241.88;-0.16;-0.01;-0.01;-0.01;-0.08;0.04
241.92;-0.16;-0.01;-0.01;-0.01;-0.08;0.04
241.96;-0.16;-0.01;-0.01;-0.01;-0.08;0.04
242.00;-0.16;-0.01;-0.01;-0.01;-0.08;0.04
242.04;-0.16;-0.01;-0.01;-0.01;-0.08;0.04
242.08;-0.16;-0.01;-0.01;-0.01;-0.09;0.04
242.12;-0.16;-0.01;-0.01;-0.01;-0.09;0.04
242.16;-0.16;-0.01;-0.01;-0.01;-0.09;0.04
242.20;-0.16;-0.01;-0.01;-0.01;-0.10;0.04
242.24;-0.16;-0.01;-0.01;-0.01;-0.10;0.04
242.28;-0.16;-0.01;-0.01;-0.01;-0.10;0.04
242.32;-0.16;-0.01;-0.01;-0.01;-0.11;0.03
242.36;-0.16;-0.01;-0.01;-0.01;-0.12;0.03
242.40;-0.16;-0.01;-0.01;-0.01;-0.12;0.03
242.44;-0.16;-0.01;-0.01;-0.01;-0.12;0.03
242.48;-0.16;-0.01;-0.01;-0.01;-0.12;0.03
242.52;-0.16;-0.01;-0.01;-0.01;-0.12;0.03
242.56;-0.16;-0.01;-0.01;-0.01;-0.12;0.03
242.60;-0.16;-0.01;-0.01;-0.01;-0.12;0.03
242.64;-0.16;-0.01;-0.01;-0.01;-0.12;0.03
242.68;-0.16;-0.01;-0.00;-0.01;-0.12;0.03
242.72;-0.16;-0.01;-0.00;-0.01;-0.12;0.03
242.76;-0.16;-0.01;-0.00;-0.01;-0.12;0.03
242.80;-0.16;-0.01;-0.00;-0.01;-0.13;0.03
242.84;-0.16;-0.01;-0.00;-0.01;-0.13;0.03
242.88;-0.16;-0.01;-0.00;-0.01;-0.13;0.03
242.92;-0.16;-0.01;-0.00;-0.01;-0.13;0.03
242.96;-0.16;-0.01;-0.00;-0.01;-0.13;0.03
243.00;-0.16;-0.01;-0.00;-0.01;-0.13;0.03
243.04;-0.16;-0.01;-0.00;-0.01;-0.13;0.03
243.08;-0.16;-0.01;-0.00;-0.01;-0.13;0.03
243.12;-0.16;-0.01;-0.00;-0.01;-0.13;0.03
243.16;-0.16;-0.01;-0.00;-0.01;-0.13;0.03
243.20;-0.16;-0.01;0.00;-0.01;-0.13;0.03
243.24;-0.16;-0.01;0.00;-0.01;-0.14;0.03
243.28;-0.16;-0.01;0.00;-0.01;-0.15;0.03
243.32;-0.16;-0.01;0.00;-0.01;-0.15;0.03
243.36;-0.16;-0.01;0.00;-0.01;-0.15;0.03
243.40;-0.16;-0.01;0.00;-0.01;-0.15;0.03
243.44;-0.16;-0.01;0.00;-0.01;-0.15;0.03
243.48;-0.16;-0.01;0.00;-0.01;-0.15;0.03
243.52;-0.16;-0.01;0.01;-0.01;-0.15;0.03
243.56;-0.16;-0.01;0.02;-0.01;-0.11;0.03
243.60;-0.16;-0.01;0.02;-0.01;-0.07;0.03
243.64;-0.16;-0.01;0.02;-0.01;-0.05;0.03
243.68;-0.16;-0.01;0.02;-0.01;-0.02;0.03
243.72;-0.16;-0.01;0.03;-0.01;-0.01;0.03
243.76;-0.16;-0.01;0.03;-0.01;-0.01;0.03
243.80;-0.16;-0.01;0.04;-0.01;-0.01;0.03
243.84;-0.16;-0.01;0.05;-0.01;-0.01;0.03
243.88;-0.16;-0.01;0.06;-0.01;-0.01;0.03
243.92;-0.16;-0.01;0.06;-0.01;-0.01;0.03
243.96;-0.16;-0.01;0.07;-0.01;-0.01;0.03
244.00;-0.16;-0.01;0.08;-0.01;-0.01;0.03
244.04;-0.16;-0.01;0.09;-0.01;-0.01;0.03
244.08;-0.16;-0.01;0.10;-0.01;0.00;0.03
244.12;-0.16;-0.01;0.10;-0.01;0.00;0.03
244.16;-0.16;-0.01;0.11;-0.01;0.00;0.03
244.20;-0.16;-0.01;0.11;-0.01;0.03;0.03
244.24;-0.16;-0.01;0.12;-0.01;0.06;0.03
244.28;-0.16;-0.01;0.12;-0.01;0.08;0.03
244.32;-0.16;-0.01;0.12;-0.01;0.09;0.03
244.36;-0.16;-0.01;0.13;-0.01;0.09;0.03
244.40;-0.16;-0.01;0.14;-0.00;0.09;0.03
244.44;-0.16;-0.01;0.15;-0.00;0.09;0.03
244.48;-0.16;-0.01;0.15;-0.00;0.09;0.03
244.52;-0.16;-0.01;0.15;-0.00;0.09;0.03
244.56;-0.16;-0.01;0.15;-0.00;0.09;0.03
244.60;-0.16;-0.01;0.15;-0.00;0.09;0.03
244.64;-0.16;-0.01;0.15;-0.00;0.09;0.03
244.68;-0.16;-0.01;0.15;-0.00;0.09;0.03
244.72;-0.16;-0.01;0.15;-0.00;0.09;0.03
244.76;-0.16;-0.01;0.15;-0.00;0.09;0.03
244.80;-0.16;-0.01;0.15;-0.00;0.09;0.03
244.84;-0.16;-0.01;0.15;-0.00;0.09;0.03
244.88;-0.16;-0.01;0.15;0.00;0.09;0.03
244.92;-0.16;-0.01;0.15;0.00;0.10;0.03
244.96;-0.16;-0.01;0.15;0.00;0.11;0.03
245.00;-0.16;-0.01;0.16;0.00;0.11;0.03
245.04;-0.16;-0.01;0.17;0.00;0.12;0.03
245.08;-0.16;-0.01;0.17;0.00;0.12;0.03
245.12;-0.16;-0.01;0.17;0.00;0.12;0.03
245.16;-0.16;-0.01;0.18;0.00;0.12;0.03
245.20;-0.16;-0.01;0.18;0.00;0.12;0.03
245.24;-0.16;-0.01;0.18;0.01;0.11;0.03
245.28;-0.16;-0.01;0.18;0.01;0.11;0.03
245.32;-0.16;-0.01;0.18;0.02;0.11;0.03
245.36;-0.16;-0.01;0.18;0.02;0.11;0.03
245.40;-0.16;-0.01;0.18;0.02;0.11;0.03
245.44;-0.16;-0.01;0.19;0.02;0.09;0.03
245.48;-0.16;-0.01;0.19;0.02;0.06;0.03
245.52;-0.16;-0.01;0.19;0.02;0.05;0.03
245.56;-0.16;-0.01;0.19;0.02;0.04;0.04
245.60;-0.16;-0.01;0.19;0.02;0.03;0.04
245.64;-0.16;-0.01;0.20;0.02;0.03;0.04
245.68;-0.16;-0.01;0.20;0.02;0.03;0.04
245.72;-0.16;-0.01;0.20;0.02;0.03;0.04
245.76;-0.16;-0.01;0.20;0.02;0.03;0.04
245.80;-0.16;-0.01;0.21;0.02;0.03;0.04
245.84;-0.16;-0.01;0.21;0.02;0.02;0.04
245.88;-0.16;-0.01;0.21;0.02;0.02;0.04
245.92;-0.16;-0.01;0.22;0.02;0.01;0.04
245.96;-0.16;-0.01;0.22;0.02;-0.01;0.04
246.00;-0.16;-0.01;0.22;0.02;-0.07;0.04
246.04;-0.16;-0.01;0.22;0.02;-0.10;0.04
246.08;-0.16;-0.01;0.23;0.02;-0.10;0.04
246.12;-0.16;-0.01;0.23;0.02;-0.10;0.04
246.16;-0.16;-0.01;0.23;0.02;-0.10;0.04
246.20;-0.16;-0.01;0.24;0.02;-0.10;0.04
246.24;-0.16;-0.01;0.24;0.02;-0.10;0.04
246.28;-0.16;-0.01;0.24;0.02;-0.10;0.04
246.32;-0.16;-0.01;0.24;0.02;-0.10;0.04
246.36;-0.16;-0.01;0.24;0.02;-0.10;0.04
246.40;-0.16;-0.01;0.24;0.02;-0.11;0.04
246.44;-0.16;-0.01;0.24;0.02;-0.11;0.04
246.48;-0.16;-0.01;0.24;0.02;-0.11;0.04
246.52;-0.16;-0.01;0.24;0.02;-0.11;0.04
246.56;-0.16;-0.01;0.24;0.02;-0.12;0.04
246.60;-0.16;-0.01;0.24;0.02;-0.13;0.04
246.64;-0.16;-0.01;0.24;0.02;-0.13;0.04
246.68;-0.16;-0.01;0.24;0.02;-0.13;0.04
246.72;-0.16;-0.01;0.24;0.01;-0.13;0.04
246.76;-0.16;-0.01;0.24;0.01;-0.13;0.04
246.80;-0.16;-0.01;0.24;0.01;-0.13;0.04
246.84;-0.16;-0.01;0.24;0.01;-0.13;0.04
246.88;-0.16;-0.01;0.24;0.01;-0.13;0.04
246.92;-0.16;-0.01;0.24;0.01;-0.13;0.04
246.96;-0.16;-0.01;0.24;0.01;-0.13;0.04
247.00;-0.16;-0.01;0.24;0.00;-0.13;0.04
247.04;-0.16;-0.01;0.24;0.00;-0.14;0.04
247.08;-0.16;-0.01;0.24;0.00;-0.14;0.04
247.12;-0.16;-0.01;0.24;0.00;-0.15;0.04
247.16;-0.16;-0.01;0.24;0.00;-0.15;0.04
247.20;-0.16;-0.01;0.24;0.00;-0.15;0.04
247.24;-0.16;-0.01;0.24;0.00;-0.15;0.04
247.28;-0.16;-0.01;0.24;0.00;-0.15;0.04
247.32;-0.16;-0.01;0.24;0.00;-0.15;0.04
247.36;-0.16;-0.01;0.24;0.00;-0.15;0.04
247.40;-0.16;-0.01;0.24;0.00;-0.15;0.04
247.44;-0.16;-0.01;0.24;0.00;-0.15;0.04
247.48;-0.16;-0.01;0.24;0.00;-0.15;0.04
247.52;-0.16;-0.01;0.24;0.00;-0.16;0.05
247.56;-0.16;-0.01;0.24;0.00;-0.16;0.05
247.60;-0.16;-0.01;0.24;0.00;-0.16;0.05
247.64;-0.16;-0.01;0.24;0.00;-0.16;0.05
247.68;-0.16;-0.01;0.24;0.00;-0.16;0.05
247.72;-0.16;-0.01;0.24;0.00;-0.16;0.05
247.76;-0.16;-0.01;0.24;0.00;-0.16;0.05
247.80;-0.16;-0.01;0.24;0.00;-0.16;0.05
247.84;-0.16;-0.01;0.24;0.00;-0.16;0.05
247.88;-0.16;-0.01;0.24;0.00;-0.16;0.05
247.92;-0.16;-0.01;0.24;0.00;-0.16;0.05
247.96;-0.16;-0.01;0.24;0.00;-0.16;0.05
248.00;-0.16;-0.01;0.24;0.00;-0.16;0.05
248.04;-0.16;-0.01;0.24;0.00;-0.16;0.05
248.08;-0.16;-0.01;0.24;0.00;-0.16;0.05
248.12;-0.16;-0.01;0.24;0.00;-0.16;0.05
248.16;-0.16;-0.01;0.24;0.00;-0.16;0.05
248.20;-0.16;-0.01;0.24;0.00;-0.16;0.05
248.24;-0.16;-0.01;0.24;0.01;-0.16;0.05
248.28;-0.16;-0.01;0.24;0.01;-0.16;0.05
248.32;-0.16;-0.01;0.24;0.01;-0.16;0.05
248.36;-0.16;-0.01;0.24;0.01;-0.16;0.05
248.40;-0.16;-0.01;0.24;0.01;-0.16;0.05
248.44;-0.16;-0.01;0.24;0.01;-0.16;0.05
248.48;-0.16;-0.01;0.24;0.01;-0.16;0.05
248.52;-0.16;-0.01;0.24;0.01;-0.16;0.05
248.56;-0.16;-0.01;0.25;0.01;-0.16;0.05
248.60;-0.16;-0.01;0.25;0.01;-0.16;0.05
248.64;-0.16;-0.01;0.25;0.01;-0.16;0.05
248.68;-0.16;-0.01;0.25;0.01;-0.17;0.05
248.72;-0.16;-0.01;0.25;0.01;-0.17;0.05
248.76;-0.16;-0.02;0.25;0.01;-0.17;0.05
248.80;-0.16;-0.02;0.25;0.01;-0.18;0.05
248.84;-0.16;-0.02;0.25;0.01;-0.18;0.05
248.88;-0.16;-0.02;0.25;0.01;-0.18;0.05
248.92;-0.16;-0.02;0.25;0.01;-0.18;0.05
248.96;-0.16;-0.02;0.25;0.01;-0.18;0.05
249.00;-0.16;-0.02;0.25;0.01;-0.18;0.05
249.04;-0.16;-0.02;0.25;0.01;-0.18;0.05
249.08;-0.16;-0.02;0.25;0.01;-0.18;0.05
249.12;-0.16;-0.02;0.25;0.01;-0.18;0.05
249.16;-0.16;-0.02;0.25;0.01;-0.18;0.05
249.20;-0.16;-0.02;0.25;0.01;-0.18;0.05
249.24;-0.16;-0.02;0.25;0.01;-0.18;0.05
249.28;-0.16;-0.02;0.25;0.01;-0.18;0.05
249.32;-0.16;-0.02;0.25;0.01;-0.18;0.05
249.36;-0.16;-0.02;0.25;0.01;-0.18;0.05
249.40;-0.16;-0.03;0.25;0.01;-0.18;0.05
249.44;-0.16;-0.03;0.25;0.01;-0.18;0.05
249.48;-0.16;-0.03;0.25;0.01;-0.18;0.05
249.52;-0.16;-0.03;0.25;0.01;-0.18;0.05
249.56;-0.16;-0.03;0.25;0.01;-0.18;0.05
249.60;-0.16;-0.03;0.25;0.01;-0.18;0.05
249.64;-0.16;-0.03;0.25;0.01;-0.18;0.05
249.68;-0.16;-0.04;0.25;0.01;-0.18;0.05
249.72;-0.16;-0.04;0.25;0.01;-0.18;0.05
249.76;-0.16;-0.04;0.25;0.01;-0.18;0.05
249.80;-0.16;-0.04;0.25;0.01;-0.19;0.05
249.84;-0.16;-0.04;0.25;0.01;-0.19;0.05
249.88;-0.16;-0.04;0.26;0.01;-0.19;0.05
249.92;-0.16;-0.04;0.26;0.01;-0.19;0.05
249.96;-0.16;-0.04;0.26;0.01;-0.19;0.05
250.00;-0.16;-0.04;0.26;0.01;-0.20;0.05
250.04;-0.16;-0.04;0.26;0.01;-0.20;0.05
250.08;-0.16;-0.04;0.26;0.01;-0.20;0.05
250.12;-0.16;-0.04;0.26;0.01;-0.21;0.05
250.16;-0.16;-0.04;0.26;0.01;-0.21;0.05
250.20;-0.16;-0.05;0.26;0.01;-0.22;0.05
250.24;-0.16;-0.05;0.26;0.01;-0.22;0.05
250.28;-0.16;-0.05;0.26;0.01;-0.22;0.05
250.32;-0.16;-0.05;0.26;0.01;-0.23;0.05
250.36;-0.16;-0.05;0.26;0.00;-0.23;0.05
250.40;-0.16;-0.05;0.26;0.00;-0.23;0.05
250.44;-0.16;-0.05;0.26;0.00;-0.23;0.05
250.48;-0.16;-0.05;0.26;-0.00;-0.24;0.05
250.52;-0.16;-0.05;0.26;-0.01;-0.24;0.05
250.56;-0.16;-0.06;0.26;-0.01;-0.24;0.05
250.60;-0.16;-0.06;0.26;-0.01;-0.24;0.05
250.64;-0.16;-0.06;0.26;-0.01;-0.24;0.05
250.68;-0.16;-0.06;0.26;-0.01;-0.24;0.05
250.72;-0.16;-0.06;0.26;-0.02;-0.24;0.05
250.76;-0.16;-0.06;0.26;-0.02;-0.24;0.05
250.80;-0.16;-0.06;0.26;-0.03;-0.24;0.05
250.84;-0.16;-0.06;0.26;-0.03;-0.24;0.05
250.88;-0.16;-0.06;0.26;-0.03;-0.24;0.05
250.92;-0.16;-0.06;0.26;-0.03;-0.24;0.05
250.96;-0.16;-0.06;0.26;-0.03;-0.24;0.05
251.00;-0.16;-0.06;0.26;-0.03;-0.24;0.05
251.04;-0.16;-0.06;0.26;-0.03;-0.24;0.05
251.08;-0.16;-0.06;0.26;-0.03;-0.24;0.05
251.12;-0.16;-0.06;0.26;-0.03;-0.24;0.05
251.16;-0.16;-0.06;0.26;-0.03;-0.24;0.05
251.20;-0.16;-0.06;0.26;-0.03;-0.24;0.05
251.24;-0.16;-0.06;0.26;-0.03;-0.24;0.05
251.28;-0.16;-0.06;0.26;-0.03;-0.24;0.05
251.32;-0.16;-0.06;0.26;-0.03;-0.24;0.05
251.36;-0.16;-0.06;0.26;-0.03;-0.24;0.05
251.40;-0.16;-0.06;0.26;-0.03;-0.24;0.05
251.44;-0.16;-0.06;0.26;-0.03;-0.24;0.05
251.48;-0.16;-0.06;0.26;-0.03;-0.24;0.05
251.52;-0.16;-0.06;0.26;-0.03;-0.24;0.05
251.56;-0.16;-0.06;0.26;-0.03;-0.24;0.05
251.60;-0.16;-0.06;0.26;-0.03;-0.24;0.05
251.64;-0.16;-0.06;0.26;-0.03;-0.24;0.05
251.68;-0.16;-0.06;0.26;-0.03;-0.24;0.05
251.72;-0.16;-0.06;0.26;-0.03;-0.24;0.05
251.76;-0.16;-0.06;0.26;-0.03;-0.24;0.05
251.80;-0.16;-0.06;0.26;-0.03;-0.25;0.05
251.84;-0.16;-0.06;0.26;-0.03;-0.25;0.05
251.88;-0.16;-0.06;0.26;-0.03;-0.25;0.05
251.92;-0.16;-0.06;0.26;-0.03;-0.25;0.05
251.96;-0.16;-0.06;0.26;-0.03;-0.25;0.05
252.00;-0.16;-0.06;0.26;-0.04;-0.25;0.05
252.04;-0.16;-0.06;0.26;-0.04;-0.25;0.05
252.08;-0.16;-0.06;0.26;-0.04;-0.25;0.05
252.12;-0.16;-0.06;0.26;-0.04;-0.25;0.05
252.16;-0.16;-0.06;0.26;-0.03;-0.25;0.05
252.20;-0.16;-0.06;0.26;-0.03;-0.25;0.05
252.24;-0.16;-0.06;0.26;-0.03;-0.25;0.05
252.28;-0.16;-0.06;0.26;-0.03;-0.25;0.05
252.32;-0.16;-0.06;0.26;-0.03;-0.25;0.05
252.36;-0.16;-0.06;0.26;-0.03;-0.25;0.05
252.40;-0.16;-0.06;0.26;-0.03;-0.25;0.05
252.44;-0.16;-0.06;0.26;-0.03;-0.25;0.05
252.48;-0.16;-0.06;0.26;-0.03;-0.25;0.05
252.52;-0.16;-0.06;0.26;-0.03;-0.25;0.05
252.56;-0.16;-0.06;0.26;-0.03;-0.25;0.05
252.60;-0.16;-0.06;0.26;-0.03;-0.25;0.05
252.64;-0.16;-0.06;0.26;-0.03;-0.25;0.05
252.68;-0.16;-0.06;0.26;-0.03;-0.25;0.05
252.72;-0.16;-0.06;0.26;-0.03;-0.25;0.05
252.76;-0.16;-0.06;0.26;-0.03;-0.25;0.05
252.80;-0.16;-0.06;0.25;-0.03;-0.25;0.05
252.84;-0.16;-0.06;0.25;-0.03;-0.25;0.05
252.88;-0.16;-0.06;0.25;-0.03;-0.25;0.05
252.92;-0.16;-0.06;0.25;-0.03;-0.26;0.05
252.96;-0.16;-0.06;0.25;-0.03;-0.26;0.05
253.00;-0.16;-0.06;0.25;-0.03;-0.27;0.05
253.04;-0.16;-0.06;0.25;-0.03;-0.28;0.05
253.08;-0.16;-0.06;0.25;-0.03;-0.29;0.05
253.12;-0.16;-0.06;0.25;-0.03;-0.29;0.05
253.16;-0.16;-0.06;0.25;-0.03;-0.29;0.05
253.20;-0.16;-0.06;0.25;-0.03;-0.29;0.05
253.24;-0.16;-0.06;0.25;-0.03;-0.29;0.05
253.28;-0.16;-0.06;0.25;-0.03;-0.29;0.05
253.32;-0.16;-0.06;0.25;-0.03;-0.29;0.05
253.36;-0.16;-0.06;0.25;-0.03;-0.29;0.05
253.40;-0.16;-0.06;0.25;-0.03;-0.29;0.05
253.44;-0.16;-0.07;0.25;-0.03;-0.29;0.05
253.48;-0.16;-0.07;0.25;-0.03;-0.29;0.05
253.52;-0.16;-0.07;0.25;-0.03;-0.29;0.05
253.56;-0.16;-0.07;0.25;-0.03;-0.29;0.05
253.60;-0.16;-0.07;0.25;-0.03;-0.29;0.05
253.64;-0.16;-0.07;0.25;-0.03;-0.29;0.05
253.68;-0.15;-0.06;0.25;-0.03;-0.29;0.05
253.72;-0.15;-0.06;0.25;-0.03;-0.29;0.05
253.76;-0.14;-0.05;0.25;-0.03;-0.29;0.05
253.80;-0.14;-0.04;0.25;-0.03;-0.29;0.05
253.84;-0.13;-0.03;0.25;-0.03;-0.28;0.05
253.88;-0.13;-0.01;0.25;-0.03;-0.28;0.05
253.92;-0.12;-0.01;0.25;-0.03;-0.28;0.05
253.96;-0.11;-0.01;0.25;-0.03;-0.26;0.05
254.00;-0.11;-0.01;0.24;-0.03;-0.25;0.05
254.04;-0.10;-0.01;0.24;-0.03;-0.24;0.05
254.08;-0.09;-0.01;0.23;-0.02;-0.24;0.05
254.12;-0.08;-0.01;0.23;-0.02;-0.24;0.05
254.16;-0.07;-0.01;0.23;-0.02;-0.24;0.06
254.20;-0.06;-0.01;0.23;-0.02;-0.24;0.06
254.24;-0.04;-0.01;0.23;-0.01;-0.24;0.06
254.28;-0.02;-0.01;0.22;-0.01;-0.24;0.06
254.32;-0.01;-0.01;0.21;-0.01;-0.24;0.06
254.36;0.01;-0.01;0.21;-0.01;-0.24;0.06
254.40;0.02;-0.01;0.19;-0.00;-0.24;0.06
254.44;0.03;-0.01;0.18;0.00;-0.24;0.06
254.48;0.04;-0.01;0.18;0.00;-0.23;0.06
254.52;0.05;-0.01;0.18;0.00;-0.22;0.06
254.56;0.06;-0.01;0.18;0.00;-0.21;0.06
254.60;0.07;-0.01;0.18;0.00;-0.20;0.06
254.64;0.08;-0.01;0.17;0.01;-0.20;0.06
254.68;0.08;-0.01;0.16;0.01;-0.19;0.06
254.72;0.09;-0.01;0.15;0.01;-0.19;0.06
254.76;0.10;-0.01;0.12;0.01;-0.19;0.06
254.80;0.10;-0.01;0.09;0.01;-0.19;0.06
254.84;0.11;-0.01;0.07;0.01;-0.19;0.06
254.88;0.11;-0.01;0.06;0.01;-0.19;0.06
254.92;0.12;-0.01;0.05;0.01;-0.19;0.06
254.96;0.12;-0.01;0.04;0.01;-0.19;0.06
255.00;0.12;-0.01;0.04;0.01;-0.19;0.06
255.04;0.12;-0.01;0.03;0.01;-0.19;0.06
255.08;0.12;-0.01;0.02;0.01;-0.19;0.06
255.12;0.12;-0.01;0.01;0.01;-0.19;0.06
255.16;0.12;-0.01;0.00;0.01;-0.19;0.06
255.20;0.12;-0.01;0.00;0.01;-0.18;0.06
255.24;0.12;-0.01;0.00;0.01;-0.17;0.06
255.28;0.12;-0.01;0.00;0.01;-0.15;0.06
255.32;0.12;-0.01;0.00;0.01;-0.14;0.06
255.36;0.12;-0.01;0.00;0.01;-0.14;0.06
255.40;0.12;-0.01;0.00;0.01;-0.13;0.06
255.44;0.12;-0.01;0.00;0.01;-0.13;0.06
255.48;0.12;-0.01;0.00;0.01;-0.12;0.06
255.52;0.12;-0.01;-0.00;0.01;-0.12;0.06
255.56;0.12;-0.01;-0.00;0.01;-0.12;0.06
255.60;0.12;-0.01;-0.00;0.01;-0.12;0.06
255.64;0.12;-0.01;-0.00;0.01;-0.12;0.06
255.68;0.12;-0.01;-0.00;0.01;-0.12;0.06
255.72;0.12;-0.01;-0.00;0.01;-0.12;0.06
255.76;0.12;-0.01;-0.00;0.01;-0.12;0.06
255.80;0.12;-0.01;-0.01;0.01;-0.12;0.06
255.84;0.12;-0.01;-0.01;0.01;-0.12;0.06
255.88;0.12;-0.01;-0.01;0.01;-0.12;0.06
255.92;0.12;-0.01;-0.01;0.01;-0.12;0.06
255.96;0.12;-0.01;-0.01;0.01;-0.12;0.06
256.00;0.12;-0.01;-0.01;0.01;-0.12;0.06
256.04;0.12;-0.01;-0.01;0.01;-0.12;0.06
256.08;0.12;-0.01;-0.01;0.01;-0.12;0.06
256.12;0.12;-0.01;-0.01;0.01;-0.12;0.06
256.16;0.12;-0.01;-0.01;0.01;-0.12;0.06
256.20;0.12;-0.01;-0.01;0.01;-0.12;0.06
256.24;0.12;-0.01;-0.01;0.01;-0.12;0.06
256.28;0.12;-0.01;-0.02;0.01;-0.12;0.06
256.32;0.12;-0.01;-0.03;0.01;-0.12;0.06
256.36;0.12;-0.01;-0.03;0.01;-0.12;0.06
256.40;0.12;-0.01;-0.03;0.01;-0.12;0.06
256.44;0.12;-0.01;-0.03;0.01;-0.12;0.06
256.48;0.12;-0.01;-0.04;0.01;-0.12;0.06
256.52;0.12;-0.01;-0.04;0.01;-0.12;0.06
256.56;0.12;-0.01;-0.04;0.01;-0.12;0.06
256.60;0.12;-0.01;-0.04;0.01;-0.12;0.06
256.64;0.12;-0.01;-0.04;0.01;-0.12;0.06
256.68;0.12;-0.01;-0.05;0.01;-0.12;0.06
256.72;0.12;-0.01;-0.05;0.01;-0.12;0.06
256.76;0.12;-0.01;-0.05;0.01;-0.12;0.06
256.80;0.12;-0.01;-0.05;0.01;-0.12;0.06
256.84;0.12;-0.01;-0.06;0.01;-0.12;0.06
256.88;0.12;-0.01;-0.06;0.02;-0.12;0.06
256.92;0.12;-0.01;-0.06;0.02;-0.12;0.06
256.96;0.12;-0.01;-0.06;0.03;-0.12;0.06
257.00;0.12;-0.01;-0.06;0.04;-0.12;0.06
257.04;0.12;-0.01;-0.07;0.05;-0.12;0.06
257.08;0.12;-0.01;-0.07;0.06;-0.12;0.06
257.12;0.12;-0.01;-0.07;0.07;-0.12;0.06
257.16;0.12;-0.01;-0.07;0.07;-0.12;0.06
257.20;0.12;-0.01;-0.07;0.07;-0.12;0.06
257.24;0.12;-0.01;-0.08;0.08;-0.12;0.06
257.28;0.12;-0.01;-0.08;0.08;-0.11;0.06
257.32;0.12;-0.01;-0.08;0.09;-0.11;0.06
257.36;0.12;-0.01;-0.08;0.09;-0.11;0.06
257.40;0.12;-0.01;-0.08;0.10;-0.11;0.06
257.44;0.12;-0.01;-0.09;0.10;-0.11;0.06
257.48;0.12;-0.01;-0.09;0.10;-0.11;0.06
257.52;0.12;-0.01;-0.09;0.10;-0.10;0.06
257.56;0.12;-0.01;-0.09;0.10;-0.09;0.06
257.60;0.12;-0.01;-0.09;0.11;-0.09;0.06
257.64;0.12;-0.01;-0.09;0.11;-0.09;0.06
257.68;0.12;-0.01;-0.09;0.11;-0.09;0.06
257.72;0.12;-0.01;-0.10;0.11;-0.08;0.06
257.76;0.12;-0.01;-0.10;0.11;-0.07;0.06
257.80;0.12;-0.01;-0.11;0.12;-0.07;0.06
257.84;0.12;-0.01;-0.12;0.12;-0.07;0.06
257.88;0.12;-0.01;-0.12;0.12;-0.06;0.06
257.92;0.12;-0.01;-0.12;0.13;-0.05;0.06
257.96;0.12;-0.01;-0.12;0.13;-0.05;0.06
258.00;0.12;-0.01;-0.12;0.13;-0.04;0.06
258.04;0.12;-0.01;-0.12;0.14;-0.04;0.06
258.08;0.12;-0.01;-0.12;0.14;-0.03;0.06
258.12;0.12;-0.01;-0.13;0.14;-0.02;0.06
258.16;0.12;-0.01;-0.13;0.15;-0.02;0.06
258.20;0.12;-0.01;-0.13;0.15;-0.02;0.06
258.24;0.12;-0.01;-0.13;0.15;-0.02;0.06
258.28;0.12;-0.01;-0.13;0.15;-0.02;0.06
258.32;0.12;-0.01;-0.13;0.15;-0.02;0.06
258.36;0.12;-0.01;-0.13;0.15;-0.02;0.06
258.40;0.12;-0.01;-0.13;0.16;-0.02;0.06
258.44;0.12;-0.01;-0.13;0.16;-0.02;0.06
258.48;0.12;-0.01;-0.13;0.16;-0.01;0.06
258.52;0.12;-0.01;-0.13;0.16;-0.01;0.06
258.56;0.12;-0.01;-0.13;0.16;-0.01;0.06
258.60;0.12;-0.01;-0.13;0.17;-0.01;0.06
258.64;0.12;-0.01;-0.13;0.17;0.01;0.07
258.68;0.12;-0.01;-0.13;0.17;0.03;0.07
258.72;0.12;-0.01;-0.13;0.17;0.05;0.07
258.76;0.12;-0.01;-0.13;0.17;0.05;0.07
258.80;0.12;-0.01;-0.13;0.17;0.05;0.07
258.84;0.12;-0.01;-0.13;0.18;0.05;0.07
258.88;0.12;-0.01;-0.13;0.18;0.06;0.07
258.92;0.12;-0.01;-0.13;0.18;0.06;0.07
258.96;0.12;-0.01;-0.13;0.18;0.06;0.07
259.00;0.13;-0.01;-0.13;0.18;0.06;0.07
259.04;0.13;-0.01;-0.13;0.18;0.06;0.07
259.08;0.13;-0.01;-0.13;0.19;0.06;0.07
259.12;0.13;-0.01;-0.13;0.19;0.06;0.07
259.16;0.13;-0.01;-0.13;0.20;0.06;0.07
259.20;0.13;-0.01;-0.13;0.20;0.06;0.07
259.24;0.13;-0.01;-0.13;0.20;0.06;0.07
259.28;0.13;-0.01;-0.13;0.20;0.06;0.07
259.32;0.13;-0.01;-0.13;0.20;0.06;0.07
259.36;0.13;-0.01;-0.13;0.20;0.06;0.07
259.40;0.13;-0.01;-0.13;0.20;0.06;0.07
259.44;0.13;-0.01;-0.13;0.20;0.06;0.07
259.48;0.13;-0.01;-0.13;0.20;0.06;0.07
259.52;0.13;-0.01;-0.13;0.20;0.06;0.07
259.56;0.13;-0.01;-0.13;0.20;0.06;0.08
259.60;0.13;-0.01;-0.13;0.20;0.06;0.08
259.64;0.13;-0.01;-0.13;0.20;0.06;0.08
259.68;0.14;-0.01;-0.13;0.20;0.06;0.08
259.72;0.15;-0.01;-0.13;0.20;0.06;0.09
259.76;0.15;-0.01;-0.13;0.20;0.06;0.09
259.80;0.15;-0.01;-0.13;0.20;0.05;0.09
259.84;0.15;-0.01;-0.12;0.20;0.05;0.10
259.88;0.16;-0.01;-0.12;0.20;0.05;0.10
259.92;0.16;-0.01;-0.12;0.20;0.05;0.10
259.96;0.16;-0.01;-0.12;0.20;0.05;0.10
260.00;0.16;-0.01;-0.12;0.20;0.05;0.10
260.04;0.16;-0.01;-0.12;0.20;0.05;0.10
260.08;0.16;-0.01;-0.12;0.20;0.05;0.10
260.12;0.16;-0.01;-0.12;0.20;0.05;0.11
260.16;0.16;-0.01;-0.12;0.20;0.05;0.11
260.20;0.16;-0.01;-0.12;0.20;0.05;0.11
260.24;0.16;-0.01;-0.12;0.20;0.05;0.11
260.28;0.17;-0.01;-0.12;0.20;0.05;0.11
260.32;0.17;-0.01;-0.12;0.20;0.05;0.11
260.36;0.18;-0.01;-0.12;0.20;0.05;0.11
260.40;0.18;-0.01;-0.12;0.20;0.05;0.11
260.44;0.18;-0.01;-0.12;0.20;0.05;0.11
260.48;0.18;-0.01;-0.12;0.20;0.05;0.11
260.52;0.18;-0.01;-0.12;0.20;0.05;0.11
260.56;0.18;-0.01;-0.12;0.20;0.05;0.11
260.60;0.18;-0.01;-0.12;0.20;0.05;0.11
260.64;0.18;-0.01;-0.12;0.20;0.05;0.11
260.68;0.18;-0.01;-0.12;0.20;0.05;0.11
260.72;0.18;-0.01;-0.12;0.20;0.05;0.11
260.76;0.18;-0.01;-0.12;0.20;0.05;0.11
260.80;0.18;-0.01;-0.12;0.20;0.05;0.11
260.84;0.18;-0.01;-0.12;0.20;0.05;0.11
260.88;0.18;-0.01;-0.12;0.20;0.05;0.11
260.92;0.18;-0.01;-0.12;0.20;0.05;0.11
260.96;0.18;-0.01;-0.12;0.20;0.05;0.11
261.00;0.18;-0.01;-0.12;0.20;0.05;0.11
261.04;0.18;-0.01;-0.12;0.20;0.05;0.11
261.08;0.17;-0.01;-0.12;0.20;0.05;0.11
261.12;0.17;-0.01;-0.12;0.20;0.05;0.11
261.16;0.14;-0.01;-0.12;0.20;0.05;0.11
261.20;0.12;-0.01;-0.12;0.20;0.05;0.10
261.24;0.09;-0.01;-0.12;0.20;0.05;0.10
261.28;0.08;-0.01;-0.12;0.20;0.05;0.10
261.32;0.06;-0.01;-0.12;0.20;0.05;0.10
261.36;0.05;-0.01;-0.12;0.19;0.05;0.10
261.40;0.04;-0.01;-0.12;0.19;0.05;0.10
261.44;0.03;-0.01;-0.12;0.18;0.05;0.10
261.48;0.02;-0.01;-0.12;0.18;0.05;0.10
261.52;0.02;-0.01;-0.12;0.18;0.05;0.10
261.56;0.01;-0.01;-0.12;0.18;0.05;0.10
261.60;0.01;-0.01;-0.12;0.18;0.05;0.10
261.64;-0.00;-0.01;-0.12;0.18;0.05;0.10
261.68;-0.01;-0.01;-0.12;0.18;0.05;0.09
261.72;-0.02;-0.01;-0.11;0.17;0.05;0.09
261.76;-0.03;-0.01;-0.11;0.17;0.05;0.09
261.80;-0.03;-0.01;-0.11;0.17;0.05;0.09
261.84;-0.03;-0.01;-0.11;0.17;0.05;0.09
261.88;-0.03;-0.01;-0.11;0.17;0.05;0.09
261.92;-0.03;-0.01;-0.11;0.17;0.05;0.08
261.96;-0.03;-0.01;-0.11;0.17;0.05;0.08
262.00;-0.03;-0.01;-0.11;0.17;0.05;0.08
262.04;-0.03;-0.01;-0.11;0.17;0.05;0.08
262.08;-0.03;-0.01;-0.11;0.17;0.05;0.08
262.12;-0.03;-0.01;-0.11;0.17;0.05;0.08
262.16;-0.03;-0.01;-0.11;0.17;0.05;0.08
262.20;-0.03;-0.01;-0.11;0.17;0.05;0.08
262.24;-0.03;-0.01;-0.11;0.17;0.05;0.08
262.28;-0.03;-0.01;-0.11;0.17;0.04;0.08
262.32;-0.03;-0.01;-0.11;0.17;0.04;0.08
262.36;-0.03;-0.01;-0.11;0.17;0.03;0.09
262.40;-0.03;-0.01;-0.11;0.17;0.03;0.09
262.44;-0.03;-0.01;-0.11;0.17;0.03;0.09
262.48;-0.03;-0.01;-0.11;0.17;0.03;0.09
262.52;-0.03;-0.01;-0.11;0.17;0.01;0.09
262.56;-0.03;-0.01;-0.11;0.17;0.00;0.10
262.60;-0.03;-0.01;-0.11;0.17;0.00;0.10
262.64;-0.03;-0.01;-0.11;0.17;0.00;0.10
262.68;-0.03;-0.01;-0.11;0.17;0.00;0.10
262.72;-0.03;-0.01;-0.11;0.17;0.00;0.10
262.76;-0.03;-0.01;-0.11;0.17;0.00;0.10
262.80;-0.03;-0.01;-0.11;0.17;0.00;0.10
262.84;-0.03;-0.01;-0.12;0.17;0.00;0.10
262.88;-0.03;-0.01;-0.12;0.17;0.00;0.10
262.92;-0.03;-0.01;-0.12;0.17;0.00;0.10
262.96;-0.03;-0.01;-0.12;0.17;0.00;0.10
263.00;-0.03;-0.01;-0.12;0.17;0.00;0.10
263.04;-0.03;-0.01;-0.12;0.17;0.00;0.10
263.08;-0.03;-0.01;-0.12;0.17;0.00;0.09
263.12;-0.03;-0.01;-0.12;0.17;0.00;0.09
263.16;-0.04;-0.01;-0.12;0.17;0.00;0.09
263.20;-0.04;-0.01;-0.12;0.17;0.00;0.09
263.24;-0.04;-0.01;-0.12;0.17;0.00;0.09
263.28;-0.04;-0.01;-0.12;0.17;0.00;0.09
263.32;-0.04;-0.01;-0.12;0.17;0.00;0.09
263.36;-0.04;-0.01;-0.12;0.17;-0.01;0.09
263.40;-0.04;-0.01;-0.12;0.17;-0.01;0.09
263.44;-0.04;-0.01;-0.12;0.16;-0.01;0.09
263.48;-0.04;-0.01;-0.12;0.16;-0.01;0.09
263.52;-0.04;-0.01;-0.12;0.16;-0.01;0.09
263.56;-0.04;-0.01;-0.12;0.16;-0.01;0.09
263.60;-0.04;-0.01;-0.12;0.16;-0.01;0.09
263.64;-0.04;-0.01;-0.12;0.16;-0.01;0.09
263.68;-0.04;-0.01;-0.12;0.16;-0.01;0.09
263.72;-0.04;-0.01;-0.12;0.16;-0.01;0.09
263.76;-0.04;-0.01;-0.12;0.16;-0.01;0.09
263.80;-0.04;-0.01;-0.12;0.16;-0.01;0.09
263.84;-0.04;-0.01;-0.12;0.16;-0.01;0.09
263.88;-0.04;-0.01;-0.12;0.16;-0.01;0.09
263.92;-0.04;-0.01;-0.12;0.16;-0.01;0.09
263.96;-0.04;-0.01;-0.12;0.16;-0.01;0.09
264.00;-0.04;-0.01;-0.12;0.16;-0.01;0.09
264.04;-0.04;-0.01;-0.12;0.16;-0.01;0.09
264.08;-0.04;-0.01;-0.12;0.16;-0.01;0.09
264.12;-0.04;-0.01;-0.12;0.16;-0.00;0.09
264.16;-0.04;-0.01;-0.12;0.16;0.01;0.09
264.20;-0.04;-0.01;-0.12;0.16;0.02;0.09
264.24;-0.04;-0.01;-0.12;0.16;0.03;0.09
264.28;-0.04;-0.01;-0.12;0.16;0.03;0.09
264.32;-0.04;-0.01;-0.12;0.16;0.03;0.09
264.36;-0.04;-0.01;-0.12;0.16;0.03;0.09
264.40;-0.04;-0.01;-0.12;0.16;0.03;0.09
264.44;-0.04;-0.01;-0.12;0.16;0.03;0.09
264.48;-0.04;-0.01;-0.12;0.16;0.03;0.09
264.52;-0.04;-0.01;-0.12;0.16;0.03;0.09
264.56;-0.04;-0.01;-0.12;0.16;0.03;0.09
264.60;-0.04;-0.01;-0.12;0.16;0.03;0.09
264.64;-0.04;-0.01;-0.12;0.16;0.03;0.09
264.68;-0.04;-0.01;-0.12;0.16;0.03;0.09
264.72;-0.04;-0.01;-0.12;0.16;0.03;0.09
264.76;-0.04;-0.01;-0.13;0.16;0.03;0.09
264.80;-0.04;-0.01;-0.13;0.16;0.03;0.09
264.84;-0.04;-0.01;-0.13;0.16;0.03;0.09
264.88;-0.04;-0.01;-0.13;0.16;0.03;0.09
264.92;-0.04;-0.01;-0.13;0.16;0.03;0.09
264.96;-0.04;-0.01;-0.13;0.16;0.03;0.09
265.00;-0.04;-0.01;-0.13;0.16;0.03;0.09
265.04;-0.04;-0.01;-0.13;0.16;0.02;0.09
265.08;-0.04;-0.01;-0.13;0.17;0.02;0.09
265.12;-0.04;-0.01;-0.13;0.17;0.01;0.09
265.16;-0.04;-0.01;-0.13;0.17;0.00;0.09
265.20;-0.04;-0.01;-0.13;0.17;0.00;0.09
265.24;-0.04;-0.02;-0.13;0.17;0.00;0.09
265.28;-0.04;-0.03;-0.13;0.17;0.00;0.09
265.32;-0.04;-0.03;-0.13;0.17;0.00;0.09
265.36;-0.05;-0.03;-0.13;0.17;-0.01;0.09
265.40;-0.05;-0.03;-0.13;0.18;-0.01;0.09
265.44;-0.05;-0.03;-0.13;0.18;-0.01;0.09
265.48;-0.05;-0.03;-0.13;0.18;-0.01;0.09
265.52;-0.05;-0.03;-0.13;0.18;-0.01;0.09
265.56;-0.05;-0.03;-0.13;0.18;-0.01;0.09
265.60;-0.05;-0.04;-0.13;0.18;-0.01;0.09
265.64;-0.05;-0.04;-0.13;0.18;-0.01;0.09
265.68;-0.05;-0.04;-0.13;0.18;-0.01;0.09
265.72;-0.05;-0.04;-0.13;0.18;-0.01;0.09
265.76;-0.05;-0.05;-0.13;0.18;-0.01;0.09
265.80;-0.05;-0.05;-0.13;0.18;-0.01;0.09
265.84;-0.05;-0.05;-0.13;0.18;-0.01;0.09
265.88;-0.05;-0.05;-0.13;0.18;-0.01;0.09
265.92;-0.05;-0.05;-0.13;0.18;-0.01;0.09
265.96;-0.05;-0.05;-0.13;0.18;-0.01;0.09
266.00;-0.05;-0.05;-0.13;0.18;-0.01;0.09
266.04;-0.05;-0.05;-0.13;0.18;-0.01;0.09
266.08;-0.05;-0.05;-0.13;0.18;-0.01;0.09
266.12;-0.05;-0.05;-0.13;0.18;-0.01;0.09
266.16;-0.05;-0.05;-0.13;0.18;-0.01;0.09
266.20;-0.05;-0.05;-0.13;0.18;0.04;0.09
266.24;-0.05;-0.05;-0.13;0.18;0.06;0.09
266.28;-0.05;-0.05;-0.13;0.18;0.06;0.09
266.32;-0.05;-0.05;-0.13;0.18;0.06;0.09
266.36;-0.06;-0.06;-0.13;0.18;0.06;0.09
266.40;-0.08;-0.06;-0.13;0.18;0.06;0.09
266.44;-0.09;-0.06;-0.13;0.18;0.06;0.09
266.48;-0.11;-0.06;-0.13;0.18;0.06;0.09
266.52;-0.11;-0.06;-0.13;0.18;0.06;0.09
266.56;-0.12;-0.06;-0.13;0.18;0.06;0.09
266.60;-0.13;-0.06;-0.13;0.18;0.06;0.09
266.64;-0.14;-0.06;-0.13;0.18;0.06;0.09
266.68;-0.15;-0.06;-0.13;0.18;0.06;0.09
266.72;-0.16;-0.06;-0.13;0.18;0.06;0.09
266.76;-0.16;-0.06;-0.13;0.18;0.06;0.09
266.80;-0.16;-0.06;-0.13;0.18;0.06;0.09
266.84;-0.16;-0.06;-0.13;0.18;0.06;0.09
266.88;-0.16;-0.06;-0.14;0.18;0.06;0.09
266.92;-0.16;-0.06;-0.14;0.18;0.05;0.09
266.96;-0.16;-0.06;-0.14;0.18;0.02;0.09
267.00;-0.16;-0.06;-0.14;0.18;0.00;0.09
267.04;-0.16;-0.06;-0.14;0.18;0.00;0.09
267.08;-0.16;-0.06;-0.14;0.18;-0.01;0.09
267.12;-0.16;-0.06;-0.14;0.18;-0.03;0.09
267.16;-0.16;-0.06;-0.14;0.18;-0.03;0.09
267.20;-0.16;-0.06;-0.15;0.18;-0.04;0.09
267.24;-0.16;-0.06;-0.15;0.18;-0.04;0.09
267.28;-0.16;-0.06;-0.15;0.18;-0.04;0.09
267.32;-0.16;-0.06;-0.15;0.18;-0.04;0.09
267.36;-0.16;-0.06;-0.15;0.18;-0.04;0.09
267.40;-0.16;-0.06;-0.15;0.18;-0.04;0.09
267.44;-0.16;-0.06;-0.15;0.18;-0.04;0.09
267.48;-0.16;-0.06;-0.15;0.18;-0.04;0.09
267.52;-0.15;-0.06;-0.15;0.18;-0.05;0.09
267.56;-0.15;-0.06;-0.15;0.18;-0.06;0.09
267.60;-0.15;-0.07;-0.15;0.18;-0.07;0.09
267.64;-0.14;-0.07;-0.15;0.18;-0.07;0.09
267.68;-0.11;-0.07;-0.16;0.18;-0.08;0.09
267.72;-0.10;-0.07;-0.16;0.18;-0.08;0.09
267.76;-0.09;-0.07;-0.16;0.18;-0.08;0.09
267.80;-0.07;-0.07;-0.16;0.18;-0.08;0.09
267.84;-0.06;-0.07;-0.16;0.18;-0.08;0.09
267.88;-0.05;-0.07;-0.16;0.18;-0.08;0.10
267.92;-0.04;-0.07;-0.16;0.18;-0.08;0.10
267.96;-0.03;-0.07;-0.16;0.18;-0.08;0.10
268.00;-0.01;-0.07;-0.16;0.17;-0.08;0.10
268.04;0.01;-0.07;-0.16;0.17;-0.08;0.10
268.08;0.01;-0.07;-0.16;0.17;-0.08;0.10
268.12;0.02;-0.07;-0.17;0.17;-0.09;0.10
268.16;0.03;-0.07;-0.17;0.17;-0.09;0.10
268.20;0.04;-0.07;-0.17;0.17;-0.09;0.10
268.24;0.05;-0.07;-0.17;0.17;-0.09;0.10
268.28;0.07;-0.07;-0.17;0.17;-0.09;0.10
268.32;0.08;-0.07;-0.17;0.17;-0.09;0.10
268.36;0.09;-0.07;-0.17;0.17;-0.09;0.10
268.40;0.10;-0.07;-0.17;0.17;-0.09;0.10
268.44;0.10;-0.07;-0.17;0.17;-0.10;0.10
268.48;0.11;-0.07;-0.17;0.17;-0.10;0.10
268.52;0.11;-0.07;-0.17;0.17;-0.10;0.10
268.56;0.12;-0.07;-0.17;0.17;-0.10;0.10
268.60;0.12;-0.07;-0.17;0.17;-0.10;0.10
268.64;0.12;-0.07;-0.17;0.17;-0.10;0.10
268.68;0.12;-0.07;-0.17;0.17;-0.10;0.10
268.72;0.12;-0.07;-0.18;0.17;-0.10;0.10
268.76;0.12;-0.07;-0.18;0.17;-0.10;0.10
268.80;0.13;-0.07;-0.18;0.17;-0.10;0.10
268.84;0.13;-0.07;-0.18;0.17;-0.10;0.10
268.88;0.14;-0.07;-0.18;0.17;-0.10;0.10
268.92;0.17;-0.07;-0.18;0.17;-0.10;0.10
268.96;0.18;-0.07;-0.18;0.17;-0.10;0.10
269.00;0.19;-0.07;-0.18;0.17;-0.10;0.10
269.04;0.19;-0.07;-0.18;0.17;-0.10;0.10
269.08;0.19;-0.07;-0.18;0.17;-0.10;0.10
269.12;0.19;-0.07;-0.18;0.17;-0.10;0.10
269.16;0.19;-0.07;-0.17;0.17;-0.10;0.10
269.20;0.19;-0.07;-0.17;0.17;-0.10;0.10
269.24;0.19;-0.07;-0.17;0.17;-0.10;0.10
269.28;0.19;-0.07;-0.17;0.17;-0.10;0.10
269.32;0.19;-0.07;-0.17;0.17;-0.10;0.10
269.36;0.19;-0.07;-0.17;0.17;-0.10;0.10
269.40;0.19;-0.07;-0.17;0.17;-0.10;0.10
269.44;0.19;-0.07;-0.17;0.17;-0.10;0.10
269.48;0.19;-0.07;-0.17;0.17;-0.10;0.10
269.52;0.19;-0.07;-0.17;0.17;-0.10;0.10
269.56;0.19;-0.07;-0.17;0.17;-0.10;0.10
269.60;0.19;-0.07;-0.16;0.17;-0.10;0.10
269.64;0.19;-0.07;-0.16;0.17;-0.10;0.10
269.68;0.19;-0.07;-0.16;0.17;-0.10;0.10
269.72;0.19;-0.07;-0.16;0.16;-0.10;0.09
269.76;0.19;-0.07;-0.16;0.16;-0.10;0.09
269.80;0.19;-0.07;-0.16;0.16;-0.10;0.09
269.84;0.19;-0.07;-0.16;0.16;-0.10;0.09
269.88;0.19;-0.06;-0.16;0.16;-0.10;0.09
269.92;0.19;-0.06;-0.16;0.16;-0.10;0.09
269.96;0.19;-0.06;-0.16;0.16;-0.10;0.09
270.00;0.19;-0.07;-0.16;0.16;-0.10;0.09
270.04;0.19;-0.08;-0.16;0.16;-0.10;0.09
270.08;0.19;-0.10;-0.16;0.16;-0.10;0.09
270.12;0.19;-0.10;-0.16;0.16;-0.10;0.09
270.16;0.19;-0.10;-0.16;0.16;-0.10;0.09
270.20;0.19;-0.10;-0.16;0.16;-0.10;0.09
270.24;0.19;-0.10;-0.16;0.16;-0.10;0.09
270.28;0.19;-0.10;-0.16;0.16;-0.10;0.09
270.32;0.19;-0.10;-0.15;0.16;-0.10;0.09
270.36;0.19;-0.10;-0.15;0.16;-0.10;0.09
270.40;0.19;-0.10;-0.15;0.16;-0.10;0.09
270.44;0.19;-0.10;-0.15;0.16;-0.10;0.09
270.48;0.19;-0.10;-0.15;0.16;-0.10;0.09
270.52;0.19;-0.10;-0.15;0.16;-0.10;0.09
270.56;0.19;-0.10;-0.15;0.16;-0.10;0.09
270.60;0.19;-0.10;-0.15;0.16;-0.10;0.09
270.64;0.19;-0.11;-0.15;0.16;-0.10;0.09
270.68;0.19;-0.11;-0.15;0.16;-0.10;0.09
270.72;0.19;-0.11;-0.15;0.16;-0.10;0.09
270.76;0.19;-0.11;-0.15;0.16;-0.11;0.09
270.80;0.19;-0.11;-0.15;0.16;-0.11;0.09
270.84;0.19;-0.11;-0.15;0.16;-0.11;0.09
270.88;0.19;-0.11;-0.15;0.16;-0.12;0.09
270.92;0.19;-0.11;-0.15;0.16;-0.13;0.09
270.96;0.19;-0.11;-0.15;0.16;-0.14;0.09
271.00;0.19;-0.11;-0.15;0.16;-0.14;0.09
271.04;0.19;-0.11;-0.15;0.16;-0.14;0.09
271.08;0.19;-0.11;-0.15;0.16;-0.14;0.09
271.12;0.19;-0.12;-0.15;0.16;-0.14;0.09
271.16;0.19;-0.12;-0.15;0.16;-0.14;0.09
271.20;0.19;-0.12;-0.15;0.16;-0.14;0.09
271.24;0.19;-0.12;-0.15;0.16;-0.14;0.09
271.28;0.19;-0.12;-0.15;0.16;-0.14;0.09
271.32;0.19;-0.12;-0.15;0.16;-0.14;0.09
271.36;0.19;-0.12;-0.15;0.16;-0.14;0.09
271.40;0.19;-0.12;-0.15;0.15;-0.14;0.09
271.44;0.19;-0.12;-0.15;0.15;-0.14;0.09
271.48;0.19;-0.12;-0.15;0.15;-0.13;0.09
271.52;0.19;-0.12;-0.15;0.15;-0.13;0.09
271.56;0.19;-0.12;-0.15;0.15;-0.13;0.10
271.60;0.19;-0.12;-0.15;0.15;-0.13;0.10
271.64;0.19;-0.12;-0.15;0.15;-0.13;0.10
271.68;0.19;-0.12;-0.15;0.15;-0.12;0.10
271.72;0.19;-0.12;-0.15;0.15;-0.12;0.10
271.76;0.19;-0.12;-0.15;0.15;-0.12;0.10
271.80;0.19;-0.12;-0.15;0.15;-0.12;0.10
271.84;0.19;-0.12;-0.15;0.15;-0.05;0.10
271.88;0.19;-0.12;-0.15;0.15;-0.04;0.10
271.92;0.19;-0.12;-0.15;0.15;-0.04;0.10
271.96;0.19;-0.12;-0.15;0.15;-0.04;0.10
272.00;0.19;-0.12;-0.15;0.15;-0.04;0.10
272.04;0.19;-0.12;-0.15;0.15;-0.04;0.10
272.08;0.19;-0.12;-0.15;0.15;-0.03;0.10
272.12;0.19;-0.12;-0.15;0.15;-0.03;0.10
272.16;0.19;-0.12;-0.14;0.15;-0.03;0.10
272.20;0.19;-0.12;-0.14;0.15;-0.03;0.10
272.24;0.19;-0.12;-0.14;0.15;-0.03;0.10
272.28;0.19;-0.12;-0.14;0.15;-0.03;0.10
272.32;0.19;-0.12;-0.14;0.15;-0.03;0.10
272.36;0.19;-0.12;-0.14;0.15;-0.03;0.10
272.40;0.19;-0.12;-0.14;0.15;-0.03;0.10
272.44;0.19;-0.12;-0.14;0.15;-0.03;0.10
272.48;0.19;-0.12;-0.14;0.15;-0.03;0.10
272.52;0.19;-0.12;-0.14;0.15;-0.03;0.10
272.56;0.19;-0.12;-0.14;0.15;-0.03;0.10
272.60;0.19;-0.12;-0.13;0.15;-0.04;0.10
272.64;0.19;-0.12;-0.13;0.15;-0.04;0.10
272.68;0.19;-0.12;-0.13;0.15;-0.04;0.10
272.72;0.19;-0.12;-0.13;0.14;-0.04;0.10
272.76;0.19;-0.12;-0.13;0.14;-0.04;0.10
272.80;0.19;-0.12;-0.13;0.14;-0.04;0.10
272.84;0.19;-0.12;-0.12;0.14;-0.05;0.10
272.88;0.19;-0.12;-0.12;0.14;-0.05;0.10
272.92;0.19;-0.12;-0.12;0.14;-0.05;0.10
272.96;0.19;-0.12;-0.12;0.14;-0.05;0.10
273.00;0.19;-0.12;-0.11;0.14;-0.05;0.10
273.04;0.19;-0.12;-0.11;0.14;-0.05;0.10
273.08;0.19;-0.12;-0.10;0.14;-0.05;0.10
273.12;0.19;-0.12;-0.10;0.14;-0.06;0.10
273.16;0.19;-0.12;-0.09;0.14;-0.06;0.10
273.20;0.19;-0.12;-0.09;0.14;-0.07;0.10
273.24;0.19;-0.12;-0.08;0.14;-0.08;0.10
273.28;0.19;-0.12;-0.08;0.14;-0.09;0.10
273.32;0.19;-0.12;-0.07;0.14;-0.10;0.10
273.36;0.19;-0.12;-0.07;0.14;-0.10;0.10
273.40;0.19;-0.12;-0.06;0.14;-0.10;0.10
273.44;0.19;-0.12;-0.06;0.14;-0.10;0.10
273.48;0.19;-0.12;-0.06;0.14;-0.11;0.10
273.52;0.19;-0.12;-0.06;0.14;-0.11;0.11
273.56;0.19;-0.12;-0.06;0.14;-0.11;0.11
273.60;0.19;-0.12;-0.06;0.14;-0.11;0.11
273.64;0.19;-0.12;-0.06;0.14;-0.11;0.11
273.68;0.19;-0.12;-0.05;0.15;-0.11;0.11
273.72;0.19;-0.12;-0.05;0.15;-0.11;0.11
273.76;0.19;-0.12;-0.04;0.15;-0.11;0.11
273.80;0.19;-0.12;-0.04;0.15;-0.11;0.11
273.84;0.19;-0.12;-0.04;0.15;-0.11;0.11
273.88;0.19;-0.12;-0.03;0.15;-0.11;0.11
273.92;0.19;-0.12;-0.03;0.15;-0.11;0.11
273.96;0.19;-0.12;-0.03;0.15;-0.11;0.11
274.00;0.19;-0.12;-0.02;0.15;-0.11;0.11
274.04;0.19;-0.12;-0.02;0.15;-0.11;0.11
274.08;0.19;-0.12;-0.01;0.15;-0.11;0.11
274.12;0.19;-0.11;-0.01;0.15;-0.11;0.11
274.16;0.19;-0.10;-0.01;0.15;-0.11;0.11
274.20;0.19;-0.09;-0.01;0.15;-0.11;0.11
274.24;0.19;-0.08;-0.01;0.15;-0.11;0.11
274.28;0.19;-0.08;-0.00;0.15;-0.11;0.11
274.32;0.19;-0.07;0.00;0.15;-0.11;0.11
274.36;0.18;-0.07;0.00;0.15;-0.11;0.12
274.40;0.18;-0.06;0.00;0.15;-0.11;0.12
274.44;0.17;-0.05;0.00;0.15;-0.11;0.12
274.48;0.17;-0.05;0.00;0.15;-0.11;0.12
274.52;0.17;-0.04;0.00;0.15;-0.11;0.12
274.56;0.17;-0.04;0.00;0.16;-0.11;0.12
274.60;0.17;-0.03;0.00;0.16;-0.11;0.12
274.64;0.17;-0.03;0.00;0.16;-0.11;0.12
274.68;0.17;-0.01;0.00;0.16;-0.11;0.12
274.72;0.17;-0.01;0.00;0.17;-0.11;0.12
274.76;0.17;0.00;0.00;0.17;-0.11;0.12
274.80;0.17;0.00;0.00;0.17;-0.11;0.12
274.84;0.17;0.01;0.00;0.17;-0.11;0.12
274.88;0.17;0.01;-0.01;0.18;-0.11;0.12
274.92;0.17;0.01;-0.04;0.18;-0.11;0.12
274.96;0.18;0.01;-0.07;0.18;-0.11;0.12
275.00;0.18;0.01;-0.10;0.18;-0.11;0.12
275.04;0.20;0.01;-0.10;0.19;-0.11;0.13
275.08;0.21;0.01;-0.10;0.19;-0.11;0.13
275.12;0.21;0.01;-0.11;0.19;-0.11;0.13
275.16;0.22;0.02;-0.11;0.19;-0.11;0.13
275.20;0.22;0.02;-0.12;0.20;-0.11;0.13
275.24;0.22;0.02;-0.12;0.20;-0.11;0.13
275.28;0.23;0.02;-0.12;0.20;-0.11;0.13
275.32;0.23;0.02;-0.13;0.20;-0.12;0.14
275.36;0.23;0.02;-0.13;0.21;-0.12;0.14
275.40;0.24;0.02;-0.13;0.21;-0.13;0.14
275.44;0.25;0.02;-0.12;0.21;-0.14;0.15
275.48;0.26;0.02;-0.11;0.21;-0.15;0.15
275.52;0.27;0.02;-0.06;0.21;-0.15;0.15
275.56;0.28;0.02;0.01;0.21;-0.16;0.15
275.60;0.30;0.04;0.04;0.21;-0.16;0.16
275.64;0.32;0.10;0.06;0.21;-0.18;0.16
275.68;0.34;0.12;0.08;0.21;-0.19;0.17
275.72;0.38;0.13;0.11;0.21;-0.20;0.17
275.76;0.41;0.15;0.12;0.21;-0.20;0.17
275.80;0.43;0.17;0.15;0.21;-0.20;0.18
275.84;0.43;0.18;0.20;0.21;-0.20;0.18
275.88;0.43;0.21;0.24;0.22;-0.20;0.18
275.92;0.43;0.23;0.28;0.23;-0.20;0.18
275.96;0.44;0.23;0.29;0.23;-0.20;0.18
276.00;0.46;0.23;0.31;0.23;-0.20;0.18
276.04;0.47;0.23;0.34;0.23;-0.20;0.19
276.08;0.50;0.23;0.35;0.24;-0.20;0.19
276.12;0.53;0.23;0.37;0.26;-0.20;0.19
276.16;0.53;0.23;0.39;0.27;-0.20;0.19
276.20;0.53;0.24;0.40;0.28;-0.21;0.20
276.24;0.53;0.24;0.40;0.29;-0.23;0.20
276.28;0.53;0.24;0.41;0.30;-0.24;0.21
276.32;0.53;0.24;0.42;0.31;-0.25;0.21
276.36;0.53;0.24;0.43;0.32;-0.27;0.21
276.40;0.52;0.24;0.44;0.33;-0.29;0.22
276.44;0.52;0.26;0.44;0.33;-0.29;0.22
276.48;0.52;0.28;0.44;0.34;-0.30;0.22
276.52;0.52;0.28;0.44;0.34;-0.31;0.22
276.56;0.51;0.31;0.45;0.35;-0.31;0.22
276.60;0.51;0.32;0.46;0.35;-0.31;0.22
276.64;0.51;0.32;0.47;0.35;-0.31;0.22
276.68;0.50;0.32;0.49;0.35;-0.31;0.23
276.72;0.49;0.32;0.51;0.36;-0.31;0.23
276.76;0.49;0.32;0.51;0.36;-0.31;0.23
276.80;0.49;0.32;0.51;0.36;-0.31;0.23
276.84;0.49;0.32;0.51;0.37;-0.31;0.23
276.88;0.49;0.33;0.52;0.37;-0.31;0.23
276.92;0.49;0.33;0.53;0.38;-0.31;0.23
276.96;0.49;0.33;0.53;0.39;-0.31;0.23
277.00;0.49;0.34;0.53;0.39;-0.31;0.23
277.04;0.49;0.34;0.54;0.40;-0.31;0.23
277.08;0.49;0.34;0.55;0.41;-0.31;0.23
277.12;0.49;0.34;0.55;0.41;-0.31;0.23
277.16;0.49;0.34;0.56;0.42;-0.32;0.23
277.20;0.49;0.34;0.56;0.43;-0.35;0.23
277.24;0.49;0.34;0.56;0.43;-0.37;0.23
277.28;0.49;0.35;0.56;0.44;-0.38;0.23
277.32;0.49;0.35;0.56;0.44;-0.38;0.23
277.36;0.49;0.35;0.56;0.44;-0.38;0.23
277.40;0.49;0.35;0.56;0.44;-0.38;0.23
277.44;0.49;0.35;0.56;0.44;-0.38;0.23
277.48;0.49;0.35;0.56;0.44;-0.38;0.23
277.52;0.49;0.35;0.56;0.45;-0.38;0.23
277.56;0.49;0.35;0.56;0.45;-0.38;0.23
277.60;0.49;0.35;0.56;0.45;-0.39;0.23
277.64;0.49;0.35;0.56;0.45;-0.40;0.23
277.68;0.49;0.35;0.56;0.46;-0.40;0.23
277.72;0.49;0.35;0.56;0.46;-0.40;0.23
277.76;0.49;0.35;0.56;0.46;-0.40;0.23
277.80;0.49;0.35;0.56;0.47;-0.40;0.23
277.84;0.49;0.35;0.56;0.47;-0.42;0.23
277.88;0.49;0.35;0.57;0.48;-0.44;0.23
277.92;0.49;0.35;0.58;0.49;-0.45;0.23
277.96;0.49;0.35;0.58;0.50;-0.45;0.23
278.00;0.49;0.35;0.58;0.51;-0.45;0.23
278.04;0.49;0.36;0.58;0.51;-0.45;0.23
278.08;0.49;0.36;0.59;0.52;-0.45;0.23
278.12;0.49;0.36;0.59;0.52;-0.45;0.23
278.16;0.49;0.36;0.59;0.52;-0.45;0.24
278.20;0.49;0.36;0.60;0.52;-0.45;0.24
278.24;0.49;0.36;0.61;0.53;-0.45;0.24
278.28;0.49;0.36;0.62;0.55;-0.45;0.24
278.32;0.49;0.36;0.62;0.56;-0.45;0.24
278.36;0.49;0.36;0.62;0.56;-0.45;0.24
278.40;0.49;0.36;0.62;0.56;-0.45;0.24
278.44;0.49;0.36;0.63;0.57;-0.45;0.24
278.48;0.49;0.36;0.63;0.57;-0.45;0.24
278.52;0.49;0.36;0.63;0.57;-0.45;0.24
278.56;0.49;0.36;0.63;0.57;-0.45;0.24
278.60;0.49;0.36;0.64;0.57;-0.45;0.24
278.64;0.49;0.36;0.64;0.57;-0.47;0.24
278.68;0.49;0.36;0.64;0.57;-0.49;0.24
278.72;0.49;0.36;0.64;0.58;-0.52;0.24
278.76;0.49;0.36;0.64;0.58;-0.53;0.24
278.80;0.49;0.36;0.64;0.58;-0.54;0.24
278.84;0.49;0.36;0.64;0.59;-0.54;0.24
278.88;0.49;0.36;0.64;0.59;-0.55;0.24
278.92;0.49;0.36;0.64;0.59;-0.55;0.24
278.96;0.49;0.36;0.64;0.60;-0.55;0.24
279.00;0.49;0.36;0.64;0.60;-0.55;0.24
279.04;0.49;0.36;0.64;0.60;-0.55;0.24
279.08;0.49;0.36;0.64;0.60;-0.55;0.24
279.12;0.49;0.36;0.64;0.60;-0.55;0.24
279.16;0.49;0.36;0.64;0.60;-0.55;0.24
279.20;0.49;0.36;0.64;0.60;-0.55;0.24
279.24;0.49;0.36;0.64;0.60;-0.55;0.24
279.28;0.49;0.36;0.64;0.60;-0.55;0.24
279.32;0.49;0.36;0.64;0.60;-0.55;0.24
279.36;0.49;0.36;0.64;0.60;-0.55;0.24
279.40;0.49;0.36;0.64;0.60;-0.55;0.24
279.44;0.49;0.36;0.64;0.60;-0.55;0.24
279.48;0.49;0.36;0.64;0.60;-0.55;0.24
279.52;0.49;0.36;0.64;0.60;-0.55;0.24
279.56;0.49;0.36;0.64;0.60;-0.55;0.24
279.60;0.49;0.36;0.64;0.60;-0.55;0.24
279.64;0.49;0.36;0.64;0.60;-0.55;0.24
279.68;0.49;0.36;0.64;0.60;-0.55;0.24
279.72;0.49;0.36;0.64;0.60;-0.55;0.24
279.76;0.49;0.36;0.64;0.60;-0.55;0.24
279.80;0.49;0.36;0.64;0.60;-0.55;0.23
279.84;0.49;0.36;0.64;0.60;-0.53;0.23
279.88;0.49;0.36;0.64;0.60;-0.51;0.23
279.92;0.49;0.36;0.64;0.60;-0.51;0.23
279.96;0.49;0.36;0.64;0.60;-0.50;0.23
280.00;0.49;0.36;0.64;0.60;-0.49;0.23
280.04;0.49;0.36;0.64;0.60;-0.48;0.23
280.08;0.49;0.36;0.64;0.60;-0.48;0.23
280.12;0.49;0.36;0.64;0.60;-0.48;0.23
280.16;0.49;0.36;0.64;0.60;-0.48;0.23
280.20;0.49;0.36;0.64;0.60;-0.48;0.23
280.24;0.49;0.36;0.64;0.61;-0.48;0.23
280.28;0.49;0.36;0.64;0.61;-0.48;0.22
280.32;0.49;0.36;0.64;0.61;-0.48;0.22
280.36;0.49;0.36;0.64;0.61;-0.48;0.21
280.40;0.49;0.36;0.63;0.61;-0.48;0.21
280.44;0.49;0.36;0.61;0.61;-0.48;0.20
280.48;0.49;0.35;0.60;0.61;-0.48;0.20
280.52;0.49;0.35;0.59;0.61;-0.49;0.19
280.56;0.48;0.34;0.58;0.61;-0.49;0.19
280.60;0.46;0.33;0.58;0.61;-0.49;0.19
280.64;0.43;0.32;0.58;0.61;-0.49;0.19
280.68;0.42;0.31;0.57;0.61;-0.49;0.19
280.72;0.41;0.30;0.57;0.61;-0.49;0.18
280.76;0.40;0.29;0.57;0.61;-0.49;0.18
280.80;0.39;0.28;0.56;0.61;-0.49;0.18
280.84;0.38;0.27;0.56;0.61;-0.49;0.18
280.88;0.37;0.26;0.55;0.61;-0.49;0.18
280.92;0.37;0.25;0.54;0.61;-0.49;0.17
280.96;0.36;0.24;0.53;0.61;-0.49;0.17
281.00;0.36;0.23;0.53;0.61;-0.49;0.17
281.04;0.36;0.23;0.52;0.61;-0.49;0.17
281.08;0.36;0.21;0.52;0.61;-0.49;0.16
281.12;0.36;0.20;0.51;0.61;-0.49;0.16
281.16;0.36;0.19;0.50;0.61;-0.49;0.15
281.20;0.36;0.19;0.50;0.61;-0.49;0.15
281.24;0.36;0.19;0.50;0.61;-0.49;0.14
281.28;0.36;0.18;0.49;0.61;-0.49;0.14
281.32;0.36;0.18;0.49;0.61;-0.49;0.13
281.36;0.36;0.18;0.48;0.61;-0.49;0.12
281.40;0.36;0.18;0.48;0.61;-0.49;0.12
281.44;0.36;0.18;0.48;0.61;-0.49;0.11
281.48;0.36;0.18;0.48;0.61;-0.49;0.11
281.52;0.36;0.18;0.48;0.61;-0.49;0.11
281.56;0.36;0.18;0.48;0.61;-0.49;0.11
281.60;0.36;0.17;0.48;0.60;-0.49;0.10
281.64;0.36;0.17;0.48;0.60;-0.49;0.10
281.68;0.36;0.17;0.48;0.60;-0.49;0.10
281.72;0.36;0.16;0.48;0.60;-0.49;0.09
281.76;0.35;0.16;0.48;0.60;-0.49;0.09
281.80;0.35;0.16;0.47;0.60;-0.49;0.09
281.84;0.35;0.16;0.47;0.60;-0.49;0.09
281.88;0.35;0.16;0.47;0.60;-0.49;0.09
281.92;0.34;0.16;0.47;0.60;-0.49;0.09
281.96;0.32;0.16;0.46;0.60;-0.49;0.09
282.00;0.29;0.16;0.46;0.60;-0.48;0.09
282.04;0.27;0.16;0.46;0.60;-0.48;0.09
282.08;0.26;0.16;0.46;0.60;-0.48;0.09
282.12;0.25;0.16;0.46;0.60;-0.48;0.09
282.16;0.25;0.16;0.45;0.60;-0.48;0.09
282.20;0.24;0.16;0.45;0.60;-0.48;0.09
282.24;0.24;0.16;0.45;0.60;-0.44;0.09
282.28;0.24;0.16;0.45;0.60;-0.41;0.09
282.32;0.23;0.16;0.44;0.60;-0.39;0.09
282.36;0.23;0.16;0.44;0.60;-0.38;0.09
282.40;0.23;0.16;0.44;0.60;-0.36;0.09
282.44;0.23;0.16;0.44;0.60;-0.34;0.09
282.48;0.23;0.16;0.44;0.59;-0.32;0.09
282.52;0.23;0.16;0.44;0.59;-0.31;0.09
282.56;0.23;0.16;0.44;0.59;-0.29;0.09
282.60;0.23;0.16;0.44;0.59;-0.28;0.09
282.64;0.23;0.16;0.44;0.59;-0.28;0.09
282.68;0.23;0.16;0.44;0.59;-0.28;0.09
282.72;0.23;0.15;0.44;0.59;-0.28;0.09
282.76;0.23;0.14;0.44;0.59;-0.28;0.09
282.80;0.23;0.13;0.43;0.59;-0.28;0.09
282.84;0.23;0.13;0.43;0.59;-0.28;0.09
282.88;0.23;0.13;0.43;0.59;-0.28;0.09
282.92;0.23;0.12;0.43;0.59;-0.28;0.09
282.96;0.23;0.12;0.43;0.59;-0.28;0.09
283.00;0.23;0.11;0.43;0.59;-0.28;0.09
283.04;0.23;0.10;0.43;0.59;-0.28;0.09
283.08;0.23;0.10;0.43;0.59;-0.28;0.09
283.12;0.23;0.10;0.43;0.59;-0.28;0.09
283.16;0.23;0.10;0.43;0.59;-0.28;0.09
283.20;0.23;0.10;0.43;0.59;-0.28;0.09
283.24;0.22;0.10;0.43;0.59;-0.28;0.09
283.28;0.22;0.10;0.43;0.59;-0.28;0.09
283.32;0.21;0.10;0.43;0.59;-0.28;0.09
283.36;0.21;0.10;0.42;0.59;-0.28;0.09
283.40;0.21;0.10;0.42;0.59;-0.29;0.09
283.44;0.20;0.10;0.42;0.59;-0.29;0.09
283.48;0.20;0.10;0.42;0.59;-0.29;0.09
283.52;0.20;0.10;0.42;0.59;-0.29;0.09
283.56;0.20;0.10;0.42;0.59;-0.28;0.09
283.60;0.20;0.10;0.42;0.59;-0.28;0.09
283.64;0.20;0.10;0.42;0.58;-0.26;0.08
283.68;0.20;0.10;0.42;0.58;-0.25;0.08
283.72;0.20;0.10;0.42;0.58;-0.25;0.08
283.76;0.20;0.10;0.42;0.58;-0.24;0.08
283.80;0.20;0.10;0.42;0.58;-0.24;0.08
283.84;0.20;0.10;0.41;0.58;-0.24;0.08
283.88;0.20;0.10;0.41;0.58;-0.24;0.08
283.92;0.20;0.10;0.41;0.58;-0.24;0.08
283.96;0.20;0.10;0.41;0.58;-0.24;0.08
284.00;0.20;0.10;0.41;0.58;-0.24;0.08
284.04;0.20;0.10;0.41;0.58;-0.24;0.08
284.08;0.20;0.10;0.41;0.58;-0.24;0.08
284.12;0.20;0.10;0.41;0.58;-0.24;0.08
284.16;0.20;0.10;0.41;0.58;-0.24;0.08
284.20;0.20;0.10;0.41;0.58;-0.24;0.08
284.24;0.20;0.10;0.41;0.58;-0.24;0.08
284.28;0.20;0.10;0.41;0.58;-0.24;0.08
284.32;0.20;0.10;0.41;0.58;-0.24;0.08
284.36;0.20;0.10;0.41;0.58;-0.24;0.08
284.40;0.20;0.10;0.41;0.58;-0.24;0.08
284.44;0.20;0.10;0.41;0.58;-0.24;0.08
284.48;0.20;0.10;0.41;0.58;-0.24;0.08
284.52;0.20;0.10;0.41;0.58;-0.24;0.08
284.56;0.20;0.10;0.40;0.58;-0.24;0.08
284.60;0.20;0.10;0.39;0.58;-0.24;0.08
284.64;0.20;0.10;0.39;0.58;-0.24;0.08
284.68;0.20;0.10;0.39;0.58;-0.24;0.08
284.72;0.20;0.10;0.39;0.58;-0.24;0.08
284.76;0.20;0.10;0.39;0.58;-0.25;0.08
284.80;0.20;0.10;0.39;0.58;-0.25;0.08
284.84;0.20;0.10;0.39;0.58;-0.25;0.08
284.88;0.20;0.10;0.39;0.58;-0.25;0.08
284.92;0.20;0.10;0.39;0.58;-0.25;0.08
284.96;0.20;0.10;0.39;0.58;-0.25;0.08
285.00;0.20;0.10;0.39;0.58;-0.25;0.08
285.04;0.20;0.10;0.39;0.58;-0.25;0.08
285.08;0.20;0.10;0.39;0.57;-0.25;0.08
285.12;0.20;0.10;0.39;0.57;-0.25;0.07
285.16;0.20;0.10;0.38;0.57;-0.25;0.07
285.20;0.20;0.10;0.38;0.57;-0.25;0.07
285.24;0.20;0.10;0.37;0.57;-0.25;0.07
285.28;0.20;0.10;0.37;0.57;-0.25;0.07
285.32;0.20;0.10;0.37;0.57;-0.25;0.06
285.36;0.20;0.10;0.37;0.57;-0.25;0.06
285.40;0.20;0.10;0.37;0.57;-0.25;0.06
285.44;0.20;0.10;0.37;0.57;-0.25;0.06
285.48;0.20;0.10;0.36;0.57;-0.25;0.06
285.52;0.20;0.10;0.34;0.57;-0.25;0.06
285.56;0.20;0.10;0.33;0.57;-0.25;0.05
285.60;0.20;0.10;0.32;0.57;-0.25;0.05
285.64;0.20;0.10;0.30;0.57;-0.25;0.05
285.68;0.20;0.09;0.30;0.57;-0.25;0.05
285.72;0.20;0.09;0.29;0.57;-0.25;0.05
285.76;0.20;0.09;0.28;0.57;-0.25;0.05
285.80;0.20;0.09;0.27;0.56;-0.24;0.05
285.84;0.20;0.09;0.27;0.56;-0.24;0.05
285.88;0.20;0.09;0.25;0.56;-0.24;0.05
285.92;0.20;0.08;0.23;0.56;-0.24;0.05
285.96;0.20;0.08;0.21;0.56;-0.24;0.05
286.00;0.20;0.08;0.18;0.56;-0.23;0.05
286.04;0.20;0.08;0.15;0.56;-0.23;0.05
286.08;0.20;0.08;0.14;0.56;-0.22;0.05
286.12;0.20;0.08;0.11;0.56;-0.21;0.05
286.16;0.20;0.08;0.08;0.56;-0.21;0.05
286.20;0.20;0.08;0.05;0.56;-0.20;0.05
286.24;0.20;0.08;0.04;0.56;-0.20;0.05
286.28;0.20;0.08;0.04;0.56;-0.19;0.05
286.32;0.20;0.08;0.03;0.56;-0.18;0.05
286.36;0.20;0.08;0.02;0.56;-0.18;0.05
286.40;0.20;0.08;0.01;0.56;-0.17;0.05
286.44;0.20;0.08;0.00;0.56;-0.16;0.05
286.48;0.20;0.08;0.00;0.56;-0.16;0.05
286.52;0.20;0.08;0.00;0.56;-0.16;0.05
286.56;0.20;0.08;-0.01;0.56;-0.16;0.06
286.60;0.20;0.08;-0.02;0.56;-0.16;0.06
286.64;0.20;0.08;-0.02;0.56;-0.15;0.06
286.68;0.20;0.08;-0.02;0.56;-0.15;0.06
286.72;0.20;0.08;-0.02;0.56;-0.15;0.06
286.76;0.20;0.08;-0.02;0.56;-0.15;0.06
286.80;0.20;0.08;-0.02;0.56;-0.11;0.06
286.84;0.20;0.08;-0.02;0.56;-0.09;0.06
286.88;0.20;0.08;-0.02;0.56;-0.07;0.06
286.92;0.20;0.08;-0.02;0.56;-0.07;0.06
286.96;0.20;0.08;-0.02;0.56;-0.05;0.06
287.00;0.20;0.08;-0.02;0.56;-0.05;0.06
287.04;0.20;0.08;-0.02;0.56;-0.05;0.06
287.08;0.20;0.08;-0.02;0.56;-0.06;0.06
287.12;0.20;0.08;-0.02;0.56;-0.06;0.06
287.16;0.20;0.08;-0.02;0.56;-0.06;0.06
287.20;0.20;0.08;-0.02;0.56;-0.06;0.06
287.24;0.20;0.08;-0.02;0.56;-0.06;0.06
287.28;0.20;0.08;-0.02;0.56;-0.06;0.06
287.32;0.20;0.08;-0.02;0.56;-0.06;0.06
287.36;0.20;0.08;-0.02;0.56;-0.06;0.06
287.40;0.20;0.08;-0.02;0.56;-0.06;0.06
287.44;0.20;0.08;-0.02;0.56;-0.06;0.06
287.48;0.20;0.08;-0.02;0.56;-0.06;0.06
287.52;0.20;0.08;-0.02;0.56;-0.06;0.06
287.56;0.20;0.08;-0.02;0.56;-0.06;0.06
287.60;0.20;0.08;-0.02;0.56;-0.06;0.06
287.64;0.20;0.08;-0.02;0.56;-0.06;0.06
287.68;0.20;0.08;-0.02;0.56;-0.06;0.06
287.72;0.20;0.08;-0.02;0.56;-0.06;0.07
287.76;0.20;0.08;-0.02;0.56;-0.06;0.07
287.80;0.20;0.08;-0.02;0.56;-0.06;0.07
287.84;0.20;0.08;-0.02;0.56;-0.06;0.07
287.88;0.20;0.09;-0.02;0.56;-0.06;0.07
287.92;0.20;0.09;-0.02;0.56;-0.06;0.08
287.96;0.20;0.09;-0.02;0.56;-0.06;0.08
288.00;0.21;0.10;-0.02;0.56;-0.06;0.08
288.04;0.23;0.10;-0.02;0.56;-0.06;0.09
288.08;0.23;0.11;-0.02;0.56;-0.06;0.09
288.12;0.24;0.11;-0.02;0.56;-0.06;0.10
288.16;0.25;0.11;-0.02;0.56;-0.06;0.10
288.20;0.26;0.11;-0.02;0.56;-0.06;0.10
288.24;0.25;0.11;-0.02;0.56;-0.06;0.10
288.28;0.25;0.11;-0.02;0.56;-0.07;0.11
288.32;0.25;0.11;-0.01;0.56;-0.09;0.11
288.36;0.25;0.11;0.00;0.56;-0.10;0.11
288.40;0.25;0.11;0.00;0.56;-0.10;0.12
288.44;0.25;0.11;0.00;0.56;-0.10;0.12
288.48;0.25;0.11;0.00;0.56;-0.10;0.12
288.52;0.25;0.11;0.01;0.56;-0.10;0.12
288.56;0.25;0.11;0.01;0.56;-0.10;0.13
288.60;0.25;0.11;0.02;0.56;-0.10;0.14
288.64;0.25;0.11;0.03;0.56;-0.10;0.14
288.68;0.25;0.11;0.03;0.56;-0.10;0.15
288.72;0.25;0.11;0.04;0.56;-0.10;0.15
288.76;0.25;0.11;0.05;0.56;-0.10;0.15
288.80;0.25;0.11;0.05;0.56;-0.10;0.15
288.84;0.25;0.11;0.06;0.56;-0.10;0.15
288.88;0.25;0.11;0.06;0.56;-0.10;0.16
288.92;0.25;0.11;0.06;0.56;-0.10;0.16
288.96;0.25;0.11;0.07;0.56;-0.10;0.16
289.00;0.25;0.11;0.07;0.56;-0.10;0.16
289.04;0.25;0.11;0.07;0.56;-0.10;0.16
289.08;0.25;0.11;0.07;0.56;-0.10;0.16
289.12;0.25;0.11;0.08;0.56;-0.10;0.16
289.16;0.25;0.11;0.08;0.56;-0.10;0.17
289.20;0.25;0.11;0.09;0.56;-0.10;0.17
289.24;0.25;0.11;0.09;0.56;-0.10;0.17
289.28;0.25;0.11;0.09;0.56;-0.10;0.17
289.32;0.25;0.11;0.09;0.55;-0.10;0.18
289.36;0.25;0.11;0.09;0.55;-0.10;0.18
289.40;0.25;0.11;0.09;0.55;-0.10;0.18
289.44;0.25;0.11;0.09;0.54;-0.10;0.19
289.48;0.25;0.12;0.10;0.54;-0.10;0.19
289.52;0.25;0.12;0.10;0.53;-0.10;0.20
289.56;0.25;0.12;0.10;0.53;-0.10;0.20
289.60;0.25;0.13;0.10;0.52;-0.08;0.20
289.64;0.25;0.13;0.10;0.52;-0.07;0.20
289.68;0.25;0.14;0.10;0.52;-0.06;0.20
289.72;0.25;0.14;0.10;0.52;-0.05;0.21
289.76;0.25;0.14;0.10;0.52;-0.05;0.21
289.80;0.25;0.14;0.11;0.52;-0.05;0.21
289.84;0.25;0.14;0.11;0.52;-0.05;0.21
289.88;0.25;0.15;0.11;0.52;-0.05;0.21
289.92;0.25;0.15;0.12;0.51;-0.05;0.21
289.96;0.25;0.16;0.12;0.51;-0.05;0.21
290.00;0.25;0.16;0.12;0.50;-0.05;0.21
290.04;0.25;0.17;0.12;0.50;-0.05;0.21
290.08;0.25;0.18;0.12;0.50;-0.05;0.21
290.12;0.25;0.18;0.13;0.49;-0.05;0.21
290.16;0.25;0.18;0.13;0.49;-0.05;0.21
290.20;0.25;0.18;0.13;0.49;-0.05;0.21
290.24;0.25;0.18;0.14;0.49;-0.05;0.21
290.28;0.25;0.18;0.14;0.49;-0.05;0.21
290.32;0.25;0.18;0.14;0.49;-0.05;0.21
290.36;0.25;0.18;0.15;0.48;-0.05;0.21
290.40;0.25;0.18;0.15;0.48;-0.05;0.21
290.44;0.25;0.18;0.15;0.47;-0.05;0.21
290.48;0.25;0.18;0.15;0.47;-0.06;0.21
290.52;0.25;0.18;0.15;0.47;-0.07;0.21
290.56;0.25;0.18;0.15;0.46;-0.08;0.21
290.60;0.25;0.18;0.16;0.46;-0.10;0.21
290.64;0.25;0.18;0.16;0.45;-0.12;0.21
290.68;0.25;0.18;0.16;0.45;-0.13;0.21
290.72;0.25;0.18;0.16;0.44;-0.14;0.21
290.76;0.25;0.18;0.16;0.44;-0.14;0.21
290.80;0.25;0.18;0.16;0.44;-0.14;0.20
290.84;0.25;0.18;0.16;0.44;-0.14;0.20
290.88;0.25;0.18;0.16;0.44;-0.14;0.20
290.92;0.25;0.18;0.16;0.43;-0.14;0.20
290.96;0.25;0.18;0.16;0.43;-0.14;0.20
291.00;0.25;0.18;0.16;0.43;-0.14;0.20
291.04;0.25;0.18;0.15;0.43;-0.14;0.20
291.08;0.25;0.18;0.15;0.43;-0.14;0.20
291.12;0.25;0.18;0.15;0.43;-0.14;0.20
291.16;0.25;0.18;0.15;0.42;-0.14;0.20
291.20;0.25;0.18;0.14;0.42;-0.14;0.20
291.24;0.25;0.18;0.14;0.42;-0.13;0.20
291.28;0.25;0.18;0.13;0.42;-0.11;0.19
291.32;0.25;0.18;0.13;0.42;-0.10;0.19
291.36;0.25;0.18;0.13;0.41;-0.09;0.19
291.40;0.25;0.19;0.12;0.41;-0.09;0.19
291.44;0.25;0.20;0.12;0.41;-0.09;0.19
291.48;0.25;0.21;0.12;0.41;-0.09;0.19
291.52;0.25;0.21;0.10;0.41;-0.09;0.19
291.56;0.25;0.23;0.09;0.40;-0.09;0.19
291.60;0.25;0.24;0.09;0.40;-0.10;0.19
291.64;0.25;0.26;0.08;0.40;-0.10;0.19
291.68;0.25;0.26;0.08;0.40;-0.10;0.19
291.72;0.25;0.26;0.08;0.40;-0.10;0.19
291.76;0.25;0.26;0.08;0.40;-0.10;0.19
291.80;0.25;0.26;0.08;0.40;-0.10;0.19
291.84;0.25;0.26;0.08;0.40;-0.10;0.19
291.88;0.25;0.26;0.08;0.40;-0.10;0.19
291.92;0.25;0.26;0.08;0.40;-0.10;0.18
291.96;0.25;0.26;0.08;0.40;-0.10;0.18
292.00;0.25;0.26;0.08;0.40;-0.10;0.18
292.04;0.25;0.26;0.08;0.40;-0.10;0.18
292.08;0.25;0.26;0.08;0.40;-0.10;0.18
292.12;0.25;0.26;0.08;0.40;-0.10;0.18
292.16;0.25;0.26;0.08;0.40;-0.09;0.18
292.20;0.25;0.26;0.08;0.40;-0.08;0.18
292.24;0.25;0.26;0.08;0.40;-0.08;0.18
292.28;0.25;0.26;0.08;0.40;-0.07;0.18
292.32;0.25;0.26;0.08;0.40;-0.07;0.18
292.36;0.25;0.26;0.07;0.39;-0.07;0.18
292.40;0.25;0.26;0.07;0.39;-0.07;0.18
292.44;0.25;0.26;0.06;0.39;-0.07;0.18
292.48;0.25;0.26;0.05;0.38;-0.07;0.18
292.52;0.25;0.27;0.04;0.38;-0.07;0.18
292.56;0.25;0.29;0.04;0.37;-0.07;0.18
292.60;0.25;0.29;0.04;0.37;-0.07;0.18
292.64;0.25;0.29;0.04;0.37;-0.08;0.18
292.68;0.25;0.29;0.04;0.37;-0.10;0.18
292.72;0.25;0.29;0.03;0.36;-0.10;0.18
292.76;0.25;0.29;0.03;0.36;-0.11;0.18
292.80;0.25;0.29;0.03;0.36;-0.12;0.18
292.84;0.25;0.29;0.03;0.36;-0.13;0.18
292.88;0.25;0.28;0.03;0.36;-0.13;0.18
292.92;0.25;0.27;0.03;0.36;-0.13;0.18
292.96;0.25;0.26;0.03;0.35;-0.13;0.18
293.00;0.25;0.26;0.03;0.35;-0.13;0.18
293.04;0.25;0.26;0.03;0.35;-0.13;0.18
293.08;0.25;0.25;0.03;0.35;-0.13;0.18
293.12;0.25;0.25;0.02;0.35;-0.13;0.18
293.16;0.25;0.25;0.02;0.35;-0.13;0.18
293.20;0.25;0.24;0.02;0.35;-0.13;0.18
293.24;0.25;0.23;0.02;0.35;-0.13;0.18
293.28;0.25;0.23;0.02;0.35;-0.13;0.18
293.32;0.25;0.23;0.02;0.35;-0.13;0.18
293.36;0.25;0.23;0.02;0.35;-0.13;0.18
293.40;0.25;0.23;0.02;0.35;-0.13;0.18
293.44;0.25;0.23;0.02;0.35;-0.13;0.17
293.48;0.25;0.23;0.02;0.35;-0.13;0.17
293.52;0.25;0.23;0.02;0.35;-0.13;0.17
293.56;0.25;0.23;0.02;0.35;-0.15;0.17
293.60;0.25;0.23;0.02;0.34;-0.16;0.17
293.64;0.25;0.23;0.02;0.34;-0.17;0.17
293.68;0.25;0.23;0.02;0.34;-0.19;0.17
293.72;0.25;0.23;0.02;0.34;-0.19;0.16
293.76;0.25;0.23;0.02;0.34;-0.19;0.15
293.80;0.25;0.23;0.01;0.33;-0.19;0.15
293.84;0.25;0.23;0.01;0.32;-0.19;0.14
293.88;0.25;0.23;0.01;0.32;-0.19;0.14
293.92;0.25;0.23;0.01;0.32;-0.19;0.13
293.96;0.25;0.23;0.01;0.32;-0.19;0.13
294.00;0.25;0.23;0.01;0.32;-0.19;0.13
294.04;0.25;0.23;0.01;0.31;-0.19;0.13
294.08;0.25;0.23;0.01;0.29;-0.19;0.14
294.12;0.25;0.23;0.01;0.28;-0.19;0.14
294.16;0.25;0.23;0.01;0.28;-0.19;0.14
294.20;0.25;0.23;0.01;0.27;-0.19;0.14
294.24;0.25;0.22;0.01;0.27;-0.19;0.14
294.28;0.25;0.22;0.01;0.27;-0.19;0.14
294.32;0.25;0.22;0.01;0.27;-0.19;0.14
294.36;0.25;0.22;0.01;0.27;-0.19;0.14
294.40;0.25;0.22;0.01;0.27;-0.19;0.14
294.44;0.25;0.22;0.01;0.27;-0.19;0.14
294.48;0.25;0.22;0.01;0.27;-0.19;0.15
294.52;0.25;0.22;0.01;0.27;-0.19;0.15
294.56;0.25;0.22;0.01;0.27;-0.19;0.15
294.60;0.25;0.22;0.01;0.27;-0.19;0.15
294.64;0.25;0.22;0.01;0.27;-0.19;0.16
294.68;0.25;0.22;0.01;0.27;-0.19;0.16
294.72;0.25;0.22;0.01;0.27;-0.19;0.16
294.76;0.25;0.22;0.01;0.27;-0.19;0.16
294.80;0.25;0.22;0.01;0.27;-0.19;0.17
294.84;0.25;0.22;0.01;0.27;-0.19;0.17
294.88;0.25;0.22;0.01;0.27;-0.19;0.17
294.92;0.25;0.22;0.01;0.27;-0.18;0.17
294.96;0.25;0.22;0.01;0.27;-0.17;0.17
295.00;0.25;0.22;0.01;0.27;-0.17;0.18
295.04;0.25;0.22;0.01;0.27;-0.16;0.18
295.08;0.25;0.22;0.01;0.27;-0.15;0.18
295.12;0.25;0.22;0.01;0.27;-0.15;0.18
295.16;0.24;0.22;0.01;0.27;-0.15;0.18
295.20;0.23;0.22;0.01;0.27;-0.15;0.18
295.24;0.22;0.22;0.01;0.27;-0.16;0.19
295.28;0.21;0.22;0.01;0.26;-0.16;0.19
295.32;0.19;0.22;0.01;0.26;-0.16;0.19
295.36;0.18;0.22;0.01;0.26;-0.16;0.19
295.40;0.18;0.22;0.01;0.26;-0.16;0.19
295.44;0.18;0.22;0.01;0.25;-0.16;0.20
295.48;0.18;0.22;0.01;0.25;-0.16;0.20
295.52;0.18;0.22;0.01;0.24;-0.16;0.20
295.56;0.18;0.22;0.01;0.24;-0.16;0.20
295.60;0.18;0.22;0.01;0.24;-0.16;0.20
295.64;0.17;0.22;0.01;0.23;-0.16;0.20
295.68;0.17;0.22;0.01;0.23;-0.16;0.20
295.72;0.17;0.22;0.01;0.23;-0.17;0.20
295.76;0.17;0.22;0.01;0.23;-0.17;0.20
295.80;0.17;0.22;0.01;0.22;-0.17;0.20
295.84;0.17;0.22;0.01;0.22;-0.19;0.20
295.88;0.17;0.22;0.01;0.22;-0.20;0.21
295.92;0.17;0.22;0.01;0.22;-0.20;0.21
295.96;0.17;0.22;0.01;0.22;-0.21;0.21
296.00;0.17;0.22;0.01;0.22;-0.22;0.21
296.04;0.17;0.22;0.01;0.22;-0.22;0.21
296.08;0.17;0.22;0.01;0.22;-0.22;0.21
296.12;0.17;0.22;0.01;0.22;-0.22;0.21
296.16;0.17;0.22;0.01;0.22;-0.22;0.21
296.20;0.17;0.22;0.01;0.22;-0.22;0.21
296.24;0.17;0.22;0.01;0.22;-0.22;0.21
296.28;0.17;0.22;0.01;0.22;-0.22;0.21
296.32;0.17;0.22;0.01;0.22;-0.22;0.21
296.36;0.17;0.22;0.01;0.22;-0.22;0.21
296.40;0.17;0.22;0.01;0.22;-0.22;0.21
296.44;0.17;0.22;0.01;0.22;-0.22;0.21
296.48;0.17;0.22;0.01;0.22;-0.22;0.21
296.52;0.17;0.22;0.01;0.22;-0.22;0.21
296.56;0.17;0.22;0.00;0.22;-0.23;0.21
296.60;0.17;0.22;-0.01;0.22;-0.23;0.21
296.64;0.17;0.22;-0.01;0.22;-0.23;0.21
296.68;0.17;0.22;-0.01;0.21;-0.23;0.21
296.72;0.17;0.22;-0.02;0.21;-0.23;0.20
296.76;0.17;0.22;-0.03;0.21;-0.23;0.20
296.80;0.17;0.22;-0.04;0.21;-0.23;0.20
296.84;0.17;0.22;-0.06;0.21;-0.23;0.20
296.88;0.17;0.22;-0.06;0.21;-0.23;0.20
296.92;0.17;0.22;-0.06;0.21;-0.23;0.20
296.96;0.17;0.22;-0.06;0.21;-0.23;0.20
297.00;0.17;0.22;-0.06;0.21;-0.23;0.20
297.04;0.17;0.21;-0.06;0.21;-0.23;0.20
297.08;0.17;0.21;-0.06;0.21;-0.23;0.20
297.12;0.17;0.21;-0.06;0.21;-0.23;0.20
297.16;0.17;0.21;-0.06;0.21;-0.23;0.20
297.20;0.17;0.21;-0.06;0.21;-0.23;0.20
297.24;0.17;0.20;-0.06;0.21;-0.23;0.20
297.28;0.17;0.20;-0.06;0.21;-0.23;0.20
297.32;0.17;0.20;-0.06;0.21;-0.23;0.20
297.36;0.17;0.20;-0.06;0.21;-0.23;0.20
297.40;0.17;0.20;-0.06;0.21;-0.23;0.20
297.44;0.17;0.20;-0.06;0.21;-0.23;0.20
297.48;0.17;0.20;-0.06;0.21;-0.23;0.20
297.52;0.17;0.19;-0.06;0.21;-0.23;0.20
297.56;0.17;0.19;-0.06;0.22;-0.23;0.20
297.60;0.17;0.18;-0.06;0.22;-0.23;0.20
297.64;0.17;0.18;-0.06;0.22;-0.23;0.20
297.68;0.17;0.17;-0.06;0.22;-0.23;0.20
297.72;0.17;0.16;-0.06;0.22;-0.23;0.20
297.76;0.17;0.15;-0.06;0.22;-0.23;0.20
297.80;0.17;0.15;-0.06;0.22;-0.23;0.20
297.84;0.17;0.14;-0.06;0.22;-0.23;0.20
297.88;0.17;0.13;-0.06;0.22;-0.23;0.20
297.92;0.17;0.12;-0.06;0.22;-0.23;0.20
297.96;0.17;0.11;-0.06;0.22;-0.23;0.20
298.00;0.17;0.09;-0.06;0.22;-0.23;0.20
298.04;0.17;0.08;-0.06;0.23;-0.23;0.20
298.08;0.17;0.07;-0.06;0.23;-0.23;0.20
298.12;0.17;0.06;-0.06;0.23;-0.23;0.20
298.16;0.17;0.04;-0.06;0.23;-0.23;0.20
298.20;0.17;0.01;-0.07;0.23;-0.23;0.20
298.24;0.17;-0.02;-0.08;0.23;-0.23;0.20
298.28;0.17;-0.02;-0.10;0.23;-0.23;0.20
298.32;0.17;-0.02;-0.11;0.23;-0.23;0.20
298.36;0.17;-0.02;-0.11;0.23;-0.23;0.20
298.40;0.17;-0.02;-0.12;0.23;-0.23;0.20
298.44;0.17;-0.02;-0.12;0.23;-0.23;0.20
298.48;0.17;-0.02;-0.12;0.23;-0.23;0.20
298.52;0.17;-0.02;-0.12;0.22;-0.23;0.20
298.56;0.17;-0.02;-0.12;0.22;-0.23;0.20
298.60;0.17;-0.02;-0.13;0.22;-0.23;0.20
298.64;0.17;-0.02;-0.13;0.22;-0.23;0.20
298.68;0.17;-0.02;-0.13;0.22;-0.23;0.20
298.72;0.17;-0.02;-0.13;0.22;-0.23;0.20
298.76;0.17;-0.02;-0.13;0.22;-0.23;0.20
298.80;0.17;-0.02;-0.13;0.21;-0.23;0.20
298.84;0.17;-0.02;-0.13;0.21;-0.23;0.20
298.88;0.17;-0.02;-0.13;0.21;-0.23;0.20
298.92;0.17;-0.02;-0.14;0.21;-0.23;0.20
298.96;0.17;-0.02;-0.15;0.21;-0.23;0.20
299.00;0.17;-0.02;-0.16;0.21;-0.23;0.20
299.04;0.17;-0.02;-0.19;0.21;-0.23;0.20
299.08;0.17;-0.02;-0.22;0.21;-0.23;0.20
299.12;0.17;-0.02;-0.23;0.21;-0.23;0.20
299.16;0.17;-0.02;-0.22;0.21;-0.23;0.20
299.20;0.17;-0.02;-0.22;0.21;-0.22;0.20
299.24;0.17;-0.02;-0.22;0.21;-0.21;0.20
299.28;0.17;-0.02;-0.22;0.21;-0.19;0.20
299.32;0.17;-0.02;-0.22;0.21;-0.18;0.20
299.36;0.17;-0.02;-0.22;0.21;-0.17;0.20
299.40;0.17;-0.02;-0.22;0.21;-0.16;0.20
299.44;0.17;-0.02;-0.22;0.21;-0.15;0.20
299.48;0.17;-0.02;-0.22;0.21;-0.15;0.20
299.52;0.17;-0.02;-0.22;0.21;-0.15;0.20
299.56;0.17;-0.02;-0.22;0.21;-0.15;0.20
299.60;0.17;-0.02;-0.22;0.21;-0.15;0.20
299.64;0.17;-0.02;-0.21;0.21;-0.15;0.20
299.68;0.17;-0.02;-0.21;0.21;-0.15;0.20
299.72;0.17;-0.02;-0.21;0.21;-0.15;0.20
299.76;0.17;-0.02;-0.20;0.21;-0.15;0.20
299.80;0.17;-0.02;-0.20;0.21;-0.15;0.20
299.84;0.17;-0.02;-0.19;0.21;-0.15;0.20
299.88;0.17;-0.02;-0.18;0.21;-0.15;0.20
299.92;0.17;-0.02;-0.18;0.21;-0.15;0.20
299.96;0.17;-0.02;-0.17;0.21;-0.15;0.20
300.00;0.17;-0.02;-0.16;0.21;-0.15;0.20
